0 10 7
0.01 8.58423235281855 8.48467202504763
0.02 7.07302642986297 9.69281946833849
0.03 5.6578483802089 10.4377509331792
0.04 4.46048681142653 10.6649477937485
0.05 3.51733146266623 10.4403745550691
0.06 2.80699883101931 9.88932714408392
0.07 2.28489089538911 9.14075520440043
0.08 1.90521424248424 8.29901868062896
0.09 1.62997414861957 7.43757379920165
0.1 1.43055253422457 6.60310686330485
0.11 1.28637970250975 5.82245279569756
0.12 1.18297957558585 5.10893942134487
0.13 1.11023677689631 4.46722474673735
0.14 1.06108109692748 3.89667887160104
0.15 1.03055312231813 3.39363653007694
0.16 1.01516014684353 2.95285019973409
0.17 1.01243731013443 2.56840286525646
0.18 1.02064908582311 2.23426483259098
0.19 1.03858547769426 1.94461987341001
0.2 1.06542196225698 1.69404383871027
0.21 1.1006224963716 1.47759023919194
0.22 1.1438718342889 1.29081826587867
0.23 1.19502798548059 1.1297862223372
0.24 1.25408866580386 0.991025159767506
0.25 1.32116758619197 0.871502161431748
0.26 1.39647774213028 0.768579232209938
0.27 1.48031974661551 0.679971471563573
0.28 1.57307383994001 0.603706726376346
0.29 1.6751946090004 0.538087961809265
0.3 1.78720772002516 0.481658975427043
0.31 1.90970815259002 0.43317369557819
0.32 2.04335954606838 0.391569072446258
0.33 2.1888943492555 0.355941438723333
0.34 2.34711451036283 0.325526153368823
0.35 2.51889246383956 0.29968032513201
0.36 2.70517216488974 0.277868429430936
0.37 2.90696989126743 0.259650675890547
0.38 3.12537447077655 0.244674052403832
0.39 3.36154649368189 0.232666067691104
0.4 3.61671591833179 0.223431345845281
0.41 3.89217725425778 0.216851407728789
0.42 4.18928117666614 0.212888229182596
0.43 4.50942093837014 0.211592532792185
0.44 4.85401122057137 0.213118308304573
0.45 5.22445597914291 0.217745861089233
0.46 5.62210020522884 0.225916907384752
0.47 6.04815802506638 0.238287105225314
0.48 6.5036057381567 0.255804302467232
0.49 6.98902249249827 0.279825277465495
0.5 7.50435218009016 0.312290724189882
0.51 8.04854611665681 0.355988961137225
0.52 8.61902483445844 0.414954945908981
0.53 9.21086625969053 0.495074109176827
0.54 9.81558546423037 0.604989519570421
0.55 10.4193238931897 0.757436742359635
0.56 11.0002418492345 0.971119305520252
0.57 11.524995170768 1.27309187435227
0.58 11.9445955343404 1.70110883811725
0.59 12.1911375015073 2.30410180824966
0.6 12.1793420266862 3.13647438668471
0.61 11.8201589439218 4.23915687553352
0.62 11.0535757165131 5.60254635383328
0.63 9.89510022622488 7.12323475874229
0.64 8.46406394285276 8.59480995194629
0.65 6.9540501893166 9.7712762073487
0.66 5.55298935610298 10.4749006830534
0.67 4.37562268842486 10.6622824034561
0.68 3.45238811531335 10.4066111320424
0.69 2.75887689742966 9.83520398472965
0.7 2.24978325440477 9.07572192992347
0.71 1.87974073596365 8.23007970660462
0.72 1.61150686968145 7.36936727901942
0.73 1.41717401836461 6.53842241854679
0.74 1.27673197177885 5.76278301903797
0.75 1.17611219121463 5.05492533612753
0.76 1.10548593051248 4.41897640921357
0.77 1.05798192043604 3.85399260156071
0.78 1.0287786863333 3.35613677405666
0.79 1.01447976961125 2.92007965878753
0.8 1.01268820766843 2.53987823344895
0.81 1.02171705724212 2.20951011036257
0.820000000000001 1.04039167158804 1.92318525739477
0.830000000000001 1.06791374206127 1.67551545512607
0.840000000000001 1.10376708563291 1.46159415824533
0.850000000000001 1.14765186396099 1.27702102821313
0.860000000000001 1.19943835636153 1.11789331816258
0.870000000000001 1.25913433083609 0.980778384648537
0.880000000000001 1.32686198395908 0.862676435179002
0.890000000000001 1.4028416970491 0.760979246923608
0.900000000000001 1.48738070767664 0.673428391234543
0.910000000000001 1.58086536785652 0.598075067232266
0.920000000000001 1.68375604740426 0.533242722616927
0.930000000000001 1.79658400387214 0.477493048960369
0.940000000000001 1.91994971877036 0.429595569025049
0.950000000000001 2.05452231903575 0.388500810777683
0.960000000000001 2.20103977933182 0.353316937779495
0.970000000000001 2.36030964488032 0.323289646544699
0.980000000000001 2.53321003175557 0.297785127761215
0.990000000000001 2.72069065400465 0.276275907510609
1 2.92377359348631 0.258329430332506
1.01 3.14355346449083 0.24359931657876
1.02 3.38119652244414 0.231819325076378
1.03 3.63793811017475 0.222800186975997
1.04 3.91507760411516 0.216429662894998
1.05 4.21396968207131 0.212676437844179
1.06 4.53601023081223 0.21159884633832
1.07 4.88261446362202 0.21335997562077
1.08 5.25518369731376 0.218251525964455
1.09 5.65505554500914 0.226730068200653
1.1 6.08342970112058 0.239471274491915
1.11 6.5412575352531 0.25745069409175
1.12 7.02907760292948 0.282064301056919
1.13 7.54676974435726 0.315309264459212
1.14 8.09318593988115 0.360056485532725
1.15 8.66559416503101 0.420463050840644
1.16 9.25883955256429 0.502596251159841
1.17 9.86408429428341 0.615370089105104
1.18 10.466940753277 0.771919847084434
1.19 11.0447925893211 0.9915229124775
1.2 11.5632018068699 1.30200999452838
1.21 11.9717601517938 1.74205679476811
1.22 12.2010125746724 2.36136750281572
1.23 12.1646572639706 3.21419726289118
1.24 11.7744783287992 4.33903689567575
1.25 10.9747420490097 5.72026523434523
1.26 9.78876058311626 7.24578114323733
1.27 8.34378724627453 8.70266908010793
1.28 6.83619984555517 9.84638496486893
1.29 5.44994667900231 10.5085725276175
1.3 4.29268593183077 10.6567722036622
1.31 3.38913282614687 10.3709454987335
1.32 2.71208851655521 9.78007236694425
1.33 2.2156734300249 9.0103679112457
1.34 1.85499558260316 8.16128358365437
1.35 1.5935677980929 7.30158363910395
1.36 1.40418038006899 6.47430913551736
1.37 1.26736796428092 5.70374528932495
1.38 1.16945730763092 5.00154954275561
1.39 1.10089721222972 4.37134043659184
1.4 1.055008958861 3.81187534665481
1.41 1.02710461778367 3.31915463822765
1.42 1.01388097997809 2.88777308282731
1.43 1.01300693314034 2.5117650882077
1.44 1.02284271087839 2.18511750058535
1.45 1.04224804204868 1.90206745541805
1.46 1.07045015192117 1.65726303946519
1.47 1.10695223669702 1.44583766744878
1.48 1.15146952250286 1.26343127768513
1.49 1.20388431168828 1.10617976614909
1.5 1.26421424531312 0.970686435845806
1.51 1.33258987474045 0.853984245262417
1.52 1.40923887097826 0.753494378997807
1.53 1.49447502523594 0.666984536870624
1.54 1.58869074876166 0.592528955032585
1.55 1.69235215535344 0.528471279572068
1.56 1.8059960648903 0.473390843378491
1.57 1.93022843901514 0.426072541379518
1.58 2.0657238754521 0.385480285731038
1.59 2.21322586116723 0.35073390381147
1.6 2.37354752639832 0.321089287035803
1.61 2.54757265680257 0.295921587805219
1.62 2.73625671142163 0.274711283431399
1.63 2.94062755849003 0.257032973563884
1.64 3.16178557456147 0.242546850300329
1.65 3.4009026460551 0.230992881238941
1.66 3.65921945145648 0.22218788401816
1.67 3.93804016404025 0.216025862113556
1.68 4.23872336355883 0.212482241547775
1.69 4.56266742598542 0.211623037557475
1.7 4.91128788810194 0.213620553523835
1.71 5.28598312606645 0.218778073113134
1.72 5.68808293676831 0.227567310987442
1.73 6.11877194216321 0.240684391208192
1.74 6.57897563876087 0.259133224790508
1.75 7.06919059052243 0.284349979363098
1.76 7.58923049565145 0.31838981226155
1.77 8.13784485835676 0.36420850805303
1.78 8.71214436529018 0.42608877646663
1.79 9.30673424675966 0.510285030361739
1.8 9.91241327311495 0.625989954179853
1.81 10.5142495783602 0.786749406801055
1.82 11.0888298369512 1.01242829894504
1.83 11.6005987560624 1.33164633610765
1.84 11.9977111439179 1.78400108284018
1.85 12.2091771193025 2.41992995811658
1.86 12.1477653230833 3.29341501958302
1.87 11.7263115322881 4.44026677345064
1.88 10.8936608715401 5.8385726017731
1.89 9.6810876111181 7.36751370250164
1.9 8.22351494372599 8.80814915496597
1.91 6.71954830326978 9.91812042574607
1.92 5.34873848101096 10.5388164269901
1.93 4.21165592553924 10.6485054174029
1.94 3.32752951733042 10.333466883517
1.95 2.66659757272537 9.72400306599712
1.96 2.18253159028983 8.94474130603198
1.97 1.8309562410911 8.09265910497228
1.98 1.57614060273166 7.23423750193532
1.99 1.39155998467301 6.41077217806537
2 1.25827941054141 5.64533887806551
2.01 1.16300901055503 4.94880789272788
2.02 1.09646634387019 4.32431088811941
2.03 1.05215907227156 3.77032040633203
2.04 1.02552857371523 3.28268329434441
2.05 1.01336199802696 2.8559238861093
2.06 1.01339210837286 2.48405728843728
2.07 1.02402495805387 2.16108140303217
2.08 1.04415371090807 1.88126143897267
2.09 1.07303046788694 1.63928212667201
2.1 1.11017733917237 1.43031683466193
2.11 1.15532428329033 1.25004557298151
2.12 1.20836538644476 1.09464256888993
2.13 1.26932798907534 0.960746712226434
2.14 1.33835087034443 0.845423340916335
2.15 1.41566889758291 0.746122685206204
2.16 1.50160234670872 0.660638233697084
2.17 1.59654963716072 0.587066948334298
2.18 1.70098258882001 0.523772393374735
2.19 1.81544355562595 0.469351294076941
2.2 1.94054395804752 0.422603698754983
2.21 2.07696384812818 0.38250671332452
2.22 2.22545221172271 0.348191664784604
2.23 2.38682775210407 0.318924499358782
2.24 2.56197991235006 0.294089213233064
2.25 2.75186988238927 0.273174137586044
2.26 2.95753129868533 0.255760949262345
2.27 3.18007027522123 0.241516353157832
2.28 3.42066429437981 0.230186486016108
2.29 3.68055932028132 0.221594233135345
2.29999999999999 3.96106425131445 0.215639845844605
2.30999999999999 4.26354146618548 0.212305525228252
2.31999999999999 4.58939168200748 0.211665038801782
2.32999999999999 4.94003054572678 0.21390002840642
2.33999999999999 5.31685318435576 0.219325554737669
2.34999999999999 5.72118113019866 0.228428772986505
2.35999999999999 6.15418327702236 0.241926707980945
2.36999999999999 6.61675828231968 0.260852309662229
2.37999999999999 7.10935928492354 0.286682962807594
2.38999999999999 7.63173169824501 0.321533365659693
2.39999999999999 8.18251932951047 0.368446547048712
2.40999999999999 8.75867072362278 0.431834424583835
2.41999999999999 9.35454392239594 0.518143925288153
2.42999999999999 9.96056348902479 0.636854333460667
2.43999999999999 10.5612378879919 0.801933118148038
2.44999999999999 11.1323362373714 1.03384641319962
2.45999999999999 11.6371626775324 1.36201537122984
2.46999999999999 12.0224195339767 1.8269580559525
2.47999999999999 12.2156010510629 2.47980109026306
2.48999999999999 12.1286474911348 3.3741209090648
2.49999999999999 11.675672279115 4.54280049090974
2.50999999999999 10.8103967502008 5.95737163953967
2.51999999999999 9.57218919380849 7.48830789431793
2.52999999999999 8.1033569220871 8.91115564907066
2.53999999999999 6.60416339878787 9.98646436439775
2.54999999999999 5.24937872672923 10.5656866482428
2.55999999999999 4.13251013652751 10.6375708191785
2.56999999999999 3.26754194490229 10.2942627637463
2.57999999999999 2.62236859337702 9.66706445358638
2.58999999999999 2.1503287235792 8.87888813127365
2.59999999999999 1.80760089360263 8.02423347306578
2.60999999999999 1.55920950942654 7.16734242721316
2.61999999999999 1.37930160073053 6.34781605578242
2.62999999999999 1.24945832515147 5.58756268810045
2.63999999999999 1.1567615839605 4.89669605693808
2.64999999999999 1.09218918568569 4.27788176094599
2.65999999999999 1.04942921796535 3.72932108947865
2.66999999999999 1.02404828005511 3.24671596441999
2.67999999999999 1.01292109311193 2.82452555434542
2.68999999999999 1.01384239076761 2.45674877342765
2.69999999999999 1.02526273599723 2.13739629932079
2.70999999999999 1.04610781898202 1.8607622584821
2.71999999999999 1.0756539799668 1.62156832531085
2.72999999999999 1.11344179292084 1.41502779490452
2.73999999999999 1.15921562717754 1.23686053311289
2.74999999999999 1.21288112097809 1.08327878255486
2.75999999999999 1.27447514568391 0.950956659842993
2.76999999999998 1.3441445849985 0.836991512666088
2.77999999999998 1.42213141189279 0.73886225827599
2.78999999999998 1.5087623199998 0.654387838123079
2.79999999999998 1.60444168730359 0.581687632657751
2.80999999999998 1.70964700286949 0.519144847981537
2.81999999999998 1.82492612713388 0.465373356471157
2.82999999999998 1.95089591855951 0.419188144471624
2.83999999999998 2.08824186733284 0.379579324347327
2.84999999999998 2.23771844492234 0.345689561332835
2.85999999999998 2.40014991565735 0.316794718889414
2.86999999999998 2.57643136774433 0.292287521320078
2.87999999999998 2.76752970762253 0.271664058345453
2.88999999999998 2.97448432141076 0.25451300795314
2.89999999999998 3.19840703506508 0.240507530632883
2.90999999999998 3.44048089102775 0.229399894340772
2.91999999999998 3.70195708781487 0.221019034938007
2.92999999999998 3.98414917550782 0.215271458491912
2.93999999999998 4.28842322640036 0.212146177414232
2.94999999999998 4.61618214731739 0.211724785843516
2.95999999999998 4.96884147721032 0.214198390129131
2.96999999999998 5.34779277844058 0.219894026856888
2.97999999999998 5.75434886004728 0.229314596037268
2.98999999999998 6.18966221648708 0.243198483445753
2.99999999999998 6.65460367713848 0.262608372260875
3.00999999999998 7.14958148695007 0.289063914238194
3.01999999999998 7.67427057808327 0.324740941492914
3.02999999999998 8.2272057582115 0.372772149614539
3.03999999999998 8.80516845460802 0.437702340951129
3.04999999999998 9.40226205476722 0.526176480542949
3.05999999999998 10.0085258827419 0.647968540909197
3.06999999999998 10.6078930027347 0.817478803195515
3.07999999999998 11.175294196161 1.05578833561441
3.08999999999998 11.6728700215842 1.39313161961321
3.09999999999998 12.0458563802149 1.87094379326029
3.10999999999998 12.2202550149357 2.54099176186488
3.11999999999998 12.107287101516 3.45630581922333
3.12999999999998 11.6225778434323 4.6465885079115
3.13999999999998 10.7250179366493 6.07656283859907
3.14999999999998 9.46217422145378 7.60804049187526
3.15999999999998 7.98342000918503 9.01159997735941
3.16999999999998 6.49010792406779 10.0514054588811
3.17999999999998 5.15187742481647 10.5892413983354
3.18999999999998 4.05522431132649 10.6240574706804
3.19999999999998 3.20913380023652 10.2534187757945
3.20999999999998 2.5793667756346 9.60932251919736
3.21999999999998 2.11903662952776 8.81285232455322
3.22999999999998 1.7849084263827 7.95603236167112
3.23999999999997 1.5427592822327 7.10091096070165
3.24999999999997 1.36739438521721 6.28544465834689
3.25999999999997 1.2408969959973 5.53041527615077
3.26999999999997 1.15070950251583 4.84520953972204
3.27999999999997 1.08806173112869 4.23204699841519
3.28999999999997 1.046816446859 3.6888707189551
3.29999999999997 1.02266152910862 3.21124592287966
3.30999999999997 1.01255658210774 2.79357164538581
3.31999999999997 1.0143564720677 2.42983356265786
3.32999999999997 1.02655500695881 2.11405675222033
3.33999999999997 1.04810952542947 1.84056504235138
3.34999999999997 1.07831999165724 1.60411731651216
3.35999999999997 1.11674500770912 1.39996674928953
3.36999999999997 1.16314304223523 1.22387283638774
3.37999999999997 1.2174310607999 1.0720855159345
3.38999999999997 1.27965530226818 0.941313771062235
3.39999999999997 1.34997063523099 0.828686591545589
3.40999999999997 1.42862605020957 0.731711226192988
3.41999999999997 1.5159545934303 0.648231737129577
3.42999999999997 1.61236655312648 0.576389619950915
3.43999999999997 1.71834505161402 0.514587450139034
3.44999999999997 1.83444342893969 0.461456005591604
3.45999999999997 1.96128396118158 0.415824998706137
3.46999999999997 2.09955756076854 0.376697364057269
3.47999999999997 2.25002417163356 0.343226946498064
3.48999999999997 2.41351360717493 0.314699391638197
3.49999999999997 2.59092658829643 0.290516038454732
3.50999999999997 2.78323572329397 0.270180641892463
3.51999999999997 2.99148612893083 0.25328880686594
3.52999999999997 3.2167953170472 0.239520093975975
3.53999999999997 3.46035185335258 0.228632866134807
3.54999999999997 3.72341211828629 0.220462094391321
3.55999999999997 4.00729423848391 0.214920548323198
3.56999999999997 4.31336787205192 0.212004090159464
3.57999999999997 4.64303796068389 0.211802217816749
3.58999999999997 4.99771971227297 0.214515631972603
3.59999999999997 5.37880080188989 0.220483549270084
3.60999999999997 5.78758484611429 0.230224926556872
3.61999999999997 6.22520725328919 0.244499982269363
3.62999999999997 6.69251001194597 0.264401844633001
3.63999999999997 7.18985496848523 0.29149350901897
3.64999999999997 7.71684432258751 0.328013575552604
3.65999999999997 8.2719004964328 0.377186891883912
3.66999999999997 8.85163269848979 0.443694915724396
3.67999999999997 9.44988201364001 0.534386307341896
3.68999999999997 10.0562912468123 0.659337986023602
3.69999999999997 10.6542020446568 0.833394408245735
3.70999999999996 11.2176858837523 1.07826527287714
3.71999999999996 11.7076970450719 1.42500963114057
3.72999999999996 12.0679928149148 1.9159740583752
3.73999999999996 12.2231104614709 2.603511707821
3.74999999999996 12.0836696348081 3.5399581912813
3.75999999999996 11.5670490879811 4.75157777896203
3.76999999999996 10.6375962094556 6.19604424936389
3.77999999999996 9.35115225323693 7.72658998374962
3.78999999999996 7.86380773189657 9.10939967812283
3.79999999999996 6.37743967309298 10.1129390805359
3.80999999999996 5.05624084205174 10.609542462207
3.81999999999996 3.97977266324226 10.6080544744523
3.82999999999996 3.15226880267438 10.2110186384661
3.83999999999996 2.53755800826902 9.5508408968292
3.84999999999996 2.08862790846564 8.74667580570765
3.85999999999996 1.76285841032991 7.88807997616674
3.86999999999996 1.52677520517756 7.03495468128834
3.87999999999996 1.35582786924378 6.22366128838234
3.88999999999996 1.23258797390517 5.47389487428526
3.89999999999996 1.14484742433083 4.7943436921736
3.90999999999996 1.08408010183689 4.1868004978813
3.91999999999996 1.04431790002539 3.64896263583434
3.92999999999996 1.02136617715649 3.17626649853393
3.93999999999996 1.01226682772787 2.7630557897961
3.94999999999996 1.01493307716769 2.40330575554361
3.95999999999996 1.02790075735856 2.09105740493221
3.96999999999996 1.05015800713488 1.82066499601123
3.97999999999996 1.08102781948985 1.58692485292282
3.98999999999996 1.12008640287229 1.38512996396686
3.99999999999996 1.16710602349794 1.21107921940001
4.00999999999996 1.2220147563942 1.06105992949954
4.01999999999996 1.28486804937818 0.931815583708733
4.02999999999996 1.35582863975656 0.820506448329204
4.03999999999996 1.43515245001719 0.724667751520026
4.04999999999996 1.52317881566683 0.642168347669368
4.05999999999996 1.62032388819552 0.5711715480645
4.06999999999996 1.72707638816728 0.510099028926741
4.07999999999996 1.8439951090035 0.45759823568736
4.08999999999996 1.97170772445341 0.412513398148845
4.09999999999996 2.11091055354786 0.373860091884818
4.10999999999996 2.26236899964852 0.340803185475099
4.11999999999996 2.42691841321595 0.312637974030748
4.12999999999996 2.60546513527113 0.28877429994964
4.13999999999996 2.79898746102591 0.268723492059147
4.14999999999996 3.00853621843116 0.252088009794684
4.15999999999996 3.23523457847894 0.238553760085589
4.16999999999996 3.48027659245287 0.227885166204636
4.17999999999996 3.74492376899184 0.219923220724818
4.18999999999996 4.03049873440598 0.214586967391922
4.19999999999995 4.33837462239655 0.211879158975353
4.20999999999995 4.66995825121567 0.211897277159877
4.21999999999995 5.02666426965234 0.214851750590174
4.22999999999995 5.40987613559088 0.221094185521363
4.23999999999995 5.8208877932537 0.231159915519868
4.24999999999995 6.26081686208825 0.245831475151766
4.25999999999995 6.7304754529449 0.26623316735438
4.26999999999995 7.23017747237792 0.293972435120942
4.27999999999995 7.75945008046425 0.331352322755192
4.28999999999995 8.31659984292255 0.381692379317321
4.29999999999995 8.89805852066776 0.449814583877011
4.30999999999995 9.49739706259243 0.542777083989016
4.31999999999995 10.1038502250869 0.670968173983315
4.32999999999995 10.7001519380683 0.849688002394326
4.33999999999995 11.2594932405086 1.10128855165445
4.34999999999995 11.7416198279919 1.45766396732681
4.35999999999995 12.0888000853669 1.9620642565858
4.36999999999995 12.2241397246992 2.66736946023146
4.37999999999995 12.0577828170961 3.62506394211296
4.38999999999995 11.5091104909725 4.85771178501149
4.39999999999995 10.548206698834 6.31571174958399
4.40999999999995 9.23923318038624 7.84383696454378
4.41999999999995 7.74462009837143 9.20447855947445
4.42999999999995 6.26621150895359 10.171067061928
4.43999999999995 4.96247171836368 10.6266548478522
4.44999999999995 3.90612805014907 10.5896507452879
4.45999999999995 3.09691078376301 10.1671440889009
4.46999999999995 2.4969088894263 9.49168089646243
4.47999999999995 2.05907594958141 8.68039853862945
4.48999999999995 1.74143108164888 7.82039911243722
4.49999999999995 1.51124306448521 6.96948424629219
4.50999999999995 1.34459194426781 6.16246869288268
4.51999999999995 1.22452406268737 5.41799941035478
4.52999999999995 1.13917018399544 4.74409372476343
4.53999999999995 1.08024054282193 4.14213611807474
4.54999999999995 1.04193080537101 3.60959020335772
4.55999999999995 1.02016014214778 3.14177107638057
4.56999999999995 1.01205023690825 2.73297169133635
4.57999999999995 1.01557096296885 2.37715953113256
4.58999999999995 1.02929899696559 2.06839298034762
4.59999999999995 1.05225245811299 1.80105740095647
4.60999999999995 1.08377679259417 1.56998675766151
4.61999999999995 1.12346540698879 1.37051376907771
4.62999999999995 1.17110407271965 1.19847647603044
4.63999999999995 1.2266317630316 1.05019923447473
4.64999999999995 1.29011298084183 0.922459680223262
4.65999999999995 1.36171821936543 0.812448992777666
4.66999999999994 1.44171024989509 0.717730030728329
4.67999999999994 1.53043463565293 0.636196116078894
4.68999999999994 1.6283133456523 0.566032080237663
4.69999999999994 1.73584066460091 0.505678435309526
4.70999999999994 1.85358081368502 0.453799059837964
4.71999999999994 1.98216684479586 0.40925249566803
4.72999999999994 2.12230046817109 0.371066781143421
4.73999999999994 2.27475253366634 0.338417655362027
4.74999999999994 2.44036391676823 0.310609932692873
4.75999999999994 2.62004656587677 0.287061849856574
4.76999999999994 2.81478444788342 0.267292220167555
4.77999999999994 3.02563408201452 0.250910286960349
4.78999999999994 3.25372427102779 0.237608251389795
4.79999999999994 3.50025451317397 0.227156564138877
4.80999999999994 3.76649139029959 0.219402227343753
4.81999999999994 4.05376194974441 0.214270571460479
4.82999999999994 4.36344268810844 0.211771282764615
4.83999999999994 4.69694213837325 0.212009909558971
4.84999999999994 5.05567415711569 0.215206745961107
4.85999999999994 5.44101764775936 0.221726002864252
4.86999999999994 5.85425639137701 0.232119718437868
4.87999999999994 6.29648949945968 0.247193238827865
4.88999999999994 6.76849814377028 0.26810278956576
4.89999999999994 7.27054671234759 0.296501393211128
4.90999999999994 7.80208496152149 0.334758257311976
4.91999999999994 8.36130004288646 0.386290246984161
4.92999999999994 8.94444091120896 0.456063825604444
4.93999999999994 9.54480035839798 0.55135255631276
4.94999999999994 10.151193312314 0.682864705691513
4.95999999999994 10.7457294105111 0.866367775839566
4.96999999999994 11.3006979823845 1.12486961168004
4.97999999999994 11.7746142912648 1.49110918164325
4.98999999999994 12.1082495967456 2.00922939040951
4.99999999999994 12.2233161015066 2.73257227268709
5.00999999999994 12.0296167151071 3.71160639176049
5.01999999999994 11.448790160132 4.96493058063268
5.02999999999994 10.4569276956156 6.43545932678408
5.03999999999994 9.12652689239243 7.95966451360801
5.04999999999994 7.62595340485625 9.29676681145302
5.05999999999994 6.15647144984509 10.2257974458307
5.06999999999994 4.87056948143452 10.6406464400028
5.07999999999994 3.83426214276506 10.5689347990598
5.08999999999994 3.04302376354338 10.1218748301084
5.09999999999994 2.45738674049446 9.43190153968391
5.10999999999994 2.0303549179892 8.61405859297303
5.11999999999994 1.72060732263002 7.75301121415207
5.12999999999994 1.49614913128485 6.90450943505801
5.13999999999993 1.33367684879202 6.10186909325561
5.14999999999993 1.21669830957498 5.36272652743777
5.15999999999993 1.13367278589928 4.6944547192933
5.16999999999993 1.07653941785384 4.09804768603872
5.17999999999993 1.03965247444755 3.57074681062314
5.18999999999993 1.01904140148455 3.10775309924552
5.19999999999993 1.0119052592539 2.70331312734768
5.20999999999993 1.01626891727784 2.3513891477513
5.21999999999993 1.03074875810806 2.04605828028415
5.22999999999993 1.05439208893498 1.78173761378022
5.23999999999993 1.08656625227581 1.55329892327952
5.24999999999993 1.12688145756665 1.35611455772006
5.25999999999993 1.17513669813757 1.18606145646164
5.26999999999993 1.23128164058958 1.03950069192746
5.27999999999993 1.29538969362677 0.913243686835751
5.28999999999993 1.36763899681612 0.804512172897872
5.29999999999993 1.44829908943419 0.710896293541752
5.30999999999993 1.53772170254281 0.63031351750173
5.31999999999993 1.63633457816117 0.560969904594141
5.32999999999993 1.74463753190244 0.501324541699241
5.33999999999993 1.86320018770988 0.450057509573369
5.34999999999993 1.99266095648407 0.406041459981343
5.35999999999993 2.13372692450488 0.368316718745981
5.36999999999993 2.28717437527641 0.33606974491591
5.37999999999993 2.45384969723548 0.308614744240242
5.38999999999993 2.634670433256 0.285378240785416
5.39999999999993 2.8306262063684 0.265886444873831
5.40999999999993 3.04277920669791 0.249755314876605
5.41999999999993 3.27226384071745 0.236683295730275
5.42999999999993 3.52028501411096 0.226446834208033
5.43999999999993 3.78811432565526 0.218898931742167
5.44999999999993 4.07708316328547 0.213971219924778
5.45999999999993 4.38857127129112 0.211680363756003
5.46999999999993 4.72398873198252 0.212140063891934
5.47999999999993 5.08474837147431 0.21558062134433
5.48999999999993 5.47222419395251 0.222379072226541
5.49999999999993 5.88768931545946 0.233104495339092
5.50999999999993 6.33222360388622 0.248585556068676
5.51999999999993 6.80657620545164 0.270011169007654
5.52999999999993 7.31096037289417 0.299081096739846
5.53999999999993 7.84474603649214 0.338232472895573
5.54999999999993 8.40599728768161 0.390982159837279
5.55999999999993 8.99077478438113 0.462445166711656
5.56999999999993 9.59208495045684 0.560116538059147
5.57999999999993 10.1983108538454 0.695033277709073
5.58999999999993 10.7909209940168 0.883442037926781
5.59999999999993 11.3412816071939 1.14901999824406
5.60999999999992 11.8066562157371 1.52535979867676
5.61999999999992 12.1263129568739 2.05748401351751
5.62999999999992 12.2206139322479 2.79912604421554
5.63999999999992 11.9991638275812 3.799566196795
5.64999999999992 11.3861198334174 5.07317085691032
5.65999999999992 10.3638404454635 6.55517937371728
5.66999999999992 9.01314294843973 8.0739585593957
5.67999999999992 7.50790006735652 9.38620108419124
5.68999999999992 6.04826277217886 10.2771442179672
5.69999999999992 4.78053045961808 10.6515876638216
5.70999999999992 3.76414558340098 10.5459945585795
5.71999999999992 2.99057201933067 10.0752884892868
5.72999999999992 2.41895961645634 9.37155959892709
5.73999999999992 2.00243974086523 8.54769220556001
5.74999999999992 1.70036864260872 7.68593642843389
5.75999999999992 1.48148014480548 6.84003919087769
5.76999999999992 1.32307315553667 6.04186421403489
5.77999999999992 1.20910399602345 5.30807360233938
5.78999999999992 1.12835039782043 4.64542164021717
5.79999999999992 1.07297320503276 4.05452900365858
5.80999999999992 1.03748029939177 3.53242587601955
5.81999999999992 1.01800798989422 3.07420606927155
5.82999999999992 1.01183038554565 2.67407394905232
5.83999999999992 1.01702575774705 2.3259889426072
5.84999999999992 1.03224909491217 2.02404818470328
5.85999999999992 1.05657612617527 1.76270106520496
5.86999999999992 1.08939555160937 1.53685731072782
5.87999999999992 1.13033400074031 1.34192878492539
5.88999999999992 1.17920341424391 1.17383106620688
5.89999999999992 1.23596395337874 1.02896161187103
5.90999999999992 1.30069778770671 0.904165272752637
5.91999999999992 1.37359059673168 0.796693974216313
5.92999999999992 1.45491860915565 0.704164802293592
5.93999999999992 1.54503966563719 0.62451905532347
5.94999999999992 1.64438723785837 0.555983733648576
5.95999999999992 1.75346663993474 0.497036241525371
5.96999999999992 1.87285287413726 0.446372634501828
5.97999999999992 2.00318969162172 0.402879475334138
5.98999999999992 2.1451895397619 0.365609204927336
5.99999999999992 2.29963412294258 0.333758854313678
6.00999999999992 2.46737533042551 0.306651895072525
6.01999999999992 2.64933628647746 0.283723033726969
6.02999999999992 2.84651225441442 0.264505792015618
6.03999999999992 3.05997107441048 0.248622776218265
6.04999999999992 3.29085272792874 0.235778626248727
6.05999999999992 3.54036748761266 0.225755755266175
6.06999999999992 3.8097919115893 0.218413155417594
6.07999999999991 4.10046164614142 0.213688775740152
6.08999999999991 4.41375956549036 0.211606307440072
6.09999999999991 4.75109713225003 0.212287692173405
6.10999999999991 5.11388589859987 0.215973383232647
6.11999999999991 5.50349461708386 0.223053468175283
6.12999999999991 5.92118522554912 0.234114410747769
6.13999999999991 6.36801759575271 0.250008715681973
6.14999999999991 6.84470773637945 0.271958772054037
6.15999999999991 7.35141610921346 0.301712272026022
6.16999999999991 7.88743033686507 0.341776082802588
6.17999999999991 8.45068771452257 0.395769812979562
6.18999999999991 9.03705497820939 0.468961178981861
6.19999999999991 9.63924378027807 0.569072911238792
6.20999999999991 10.2451930454603 0.707479682073428
6.21999999999991 10.8357130266461 0.900919214914635
6.22999999999991 11.3812254015089 1.17375135406159
6.23999999999991 11.8377212624322 1.56043029210415
6.24999999999991 12.1429620228516 2.10684218308458
6.25999999999991 12.2160086823578 2.86703524318359
6.26999999999991 11.9664191722749 3.8889212901658
6.27999999999991 11.3211348660053 5.18236602026295
6.28999999999991 10.2690289294625 6.67476299515459
6.29999999999991 8.8991902560912 8.18660822716567
6.30999999999991 7.39054847814231 9.47272453287098
6.31999999999991 5.94162412898887 10.3251270261887
6.32999999999991 4.69234809204495 10.6595511598145
6.33999999999991 3.69574813524269 10.5209171760085
6.34999999999991 2.9395201474273 10.0274605861099
6.35999999999991 2.38159631305443 9.31070963982618
6.36999999999991 1.97530609280393 8.48133384130111
6.37999999999991 1.68069715914857 7.61919365989968
6.38999999999991 1.46722329605782 6.77608166127939
6.39999999999991 1.31277175907326 5.98245531031116
6.40999999999991 1.20173462887735 5.25403776318551
6.41999999999991 1.12319834477253 4.59698934535888
6.42999999999991 1.06953849254006 4.011573853804
6.43999999999991 1.03541174998831 3.49462085042133
6.44999999999991 1.01705799738587 3.04112354926349
6.45999999999991 1.01182414630457 2.64524808177237
6.46999999999991 1.01784033085488 2.30095333134877
6.47999999999991 1.03379908256906 2.00235765091106
6.48999999999991 1.05880381187803 1.74394325911164
6.49999999999991 1.09226405504557 1.52065794833081
6.50999999999991 1.13382249097789 1.32795296664696
6.51999999999991 1.18330374156514 1.16178226515265
6.52999999999991 1.24067826997463 1.01857935238232
6.53999999999991 1.30603686593209 0.895222149358439
6.5499999999999 1.37957264549922 0.788992419065952
6.5599999999999 1.4615684504322 0.697533851295792
6.5699999999999 1.55238817432133 0.618811260617815
6.5799999999999 1.65247097630283 0.551072303822846
6.5899999999999 1.76232763739695 0.492812448814541
6.5999999999999 1.88253851432882 0.442743501945539
6.6099999999999 2.01375268011632 0.399765741184579
6.6199999999999 2.15668792848149 0.362943552972625
6.6299999999999 2.31213137198838 0.331484394918112
6.6399999999999 2.48094038853932 0.304720881171924
6.6499999999999 2.6640436705284 0.28209579787951
6.6599999999999 2.86244210538259 0.263149894462672
6.6699999999999 3.07720916199256 0.247512359692467
6.6799999999999 3.30949036740166 0.234893981275574
6.6899999999999 3.56050131978669 0.225083110654557
6.6999999999999 3.83152347772515 0.217944723787373
6.7099999999999 4.12389666176191 0.21342310534856
6.7199999999999 4.43900675570859 0.211549022505962
6.7299999999999 4.77826642977996 0.212452749500403
6.7399999999999 5.14308571344288 0.216385041307383
6.7499999999999 5.53482774744075 0.223749268881943
6.7599999999999 5.95474276677876 0.235149633663322
6.7699999999999 6.40386987734437 0.251463012512312
6.7799999999999 6.8828908122759 0.273946073744843
6.7899999999999 7.39191154711826 0.304395658340345
6.7999999999999 7.93013485472429 0.345390220112203
6.8099999999999 8.49536740620077 0.400654931921886
6.8199999999999 9.08327625405791 0.475614480525244
6.8299999999999 9.68626968101588 0.578225626424763
6.8399999999999 10.2918299333164 0.720209805995701
6.8499999999999 10.8800916543238 0.918807847449995
6.8599999999999 11.4205104482156 1.19907541049829
6.8699999999999 11.8677849940746 1.59633506146566
6.8799999999999 12.1581689495109 2.15731741062764
6.8899999999999 12.2094770246961 2.93630283147755
6.8999999999999 11.9313803679929 3.97964682817659
6.9099999999999 11.2538742032251 5.2924462873067
6.9199999999999 10.1725796323384 6.79410032421054
6.9299999999999 8.78477675916175 8.2975061679255
6.9399999999999 7.27398288688393 9.55628683044824
6.9499999999999 5.83658968182749 10.3697708886903
6.9599999999999 4.60601313491846 10.6646114709714
6.9699999999999 3.62903882228865 10.4937888712745
6.9799999999999 2.88983311820268 9.97846451018942
6.9899999999999 2.34526637107297 9.2494040662215
6.9999999999999 1.94893038053014 8.41501625347441
7.00999999999989 1.66157557948728 7.55280062306752
7.01999999999989 1.4533662120014 6.71264423672785
7.02999999999989 1.30276386390681 5.92364319392978
7.03999999999989 1.1945839318811 5.20061590615127
7.04999999999989 1.11821210309958 4.549152596055
7.05999999999989 1.06623197456108 3.96917600610368
7.06999999999989 1.03344437084997 3.45732522015516
7.07999999999989 1.01618956728696 3.00849916389795
7.08999999999989 1.01188511041166 2.61682952507263
7.09999999999989 1.01871151092423 2.27627680758748
7.10999999999989 1.0353978166286 1.98098171274351
7.11999999999989 1.06107440304276 1.7254597715677
7.12999999999989 1.09517113803195 1.50469693076741
7.13999999999989 1.13734639079825 1.31418367875974
7.14999999999989 1.18743720644873 1.14991206661502
7.15999999999989 1.24542416305522 1.00835131873375
7.16999999999989 1.31140653390489 0.886412069431365
7.17999999999989 1.3855847711727 0.781405565886339
7.18999999999989 1.46824825541203 0.691001766220304
7.19999999999989 1.55976687800502 0.613188691603654
7.20999999999989 1.66058544442873 0.546234374972204
7.21999999999989 1.77122017178674 0.488652097778673
7.22999999999989 1.89225674791876 0.439169196583889
7.23999999999989 2.02434954965576 0.396699471895371
7.24999999999989 2.16822170251141 0.360319088951404
7.25999999999989 2.32466571458309 0.329245789048791
7.26999999999989 2.49454444016104 0.302821207905974
7.27999999999989 2.67879212630814 0.280496110479033
7.28999999999989 2.8784152680583 0.261818391970626
7.29999999999989 3.09449294119546 0.24642375991253
7.30999999999989 3.3281761882384 0.234029104220932
7.31999999999989 3.58068589050575 0.224428688107131
7.32999999999989 3.85330834678865 0.217493466106515
7.33999999999989 4.14738746594672 0.213174078607044
7.34999999999989 4.46431201842088 0.211508420779136
7.35999999999989 4.80549570559285 0.212635193998638
7.36999999999989 5.17234678005307 0.216815608393442
7.37999999999989 5.56622240270415 0.224466556087625
7.38999999999989 5.98836056938075 0.236210337539288
7.39999999999989 6.43977883284864 0.252948747440346
7.40999999999989 6.92112348617016 0.275973557817129
7.41999999999989 7.43244428296534 0.307132007986044
7.42999999999989 7.97285654259661 0.34907603784027
7.43999999999989 8.54003239081761 0.405639272831676
7.44999999999989 9.12943329623816 0.482407736106084
7.45999999999989 9.7331553770636 0.587578702997982
7.46999999999989 10.3382114140337 0.733229631429196
7.47999999999988 10.9240428329841 0.937116587737703
7.48999999999988 11.4591176347502 1.22500397813158
7.49999999999988 11.8968228979103 1.63308840772458
7.50999999999988 12.1719062396529 2.20892261140823
7.51999999999988 12.2009969223411 3.00693018930353
7.52999999999988 11.8940477110445 4.07171514521525
7.53999999999988 11.1843803392158 5.40333879575023
7.54999999999988 10.07458129967 6.91308084630155
7.55999999999988 8.67000913658734 8.40654886671186
7.56999999999988 7.15828330600033 9.63684414937006
7.57999999999988 5.7331892443725 10.4111058937756
7.58999999999988 4.52151386313228 10.6668447429612
7.59999999999988 3.56398606011659 10.4646947858951
7.60999999999988 2.841476324965 9.92837150695195
7.61999999999988 2.30994007802269 9.18769316739055
7.62999999999988 1.92328972709065 8.34877054322054
7.63999999999988 1.64298718227833 7.48677389312763
7.64999999999988 1.43989694019411 6.64973358777966
7.65999999999988 1.29304097299353 5.86542825850325
7.66999999999988 1.18764583752258 5.14780471136202
7.67999999999988 1.11338729480833 4.50190606675022
7.68999999999988 1.06305044737238 3.92732922237076
7.69999999999988 1.03157577871058 3.42053250975154
7.70999999999988 1.01540089435695 2.97632660080546
7.71999999999988 1.01201188378032 2.58881235283204
7.72999999999988 1.01963819917768 2.25195394238395
7.73999999999988 1.03704441231877 1.95991547973876
7.74999999999988 1.06338717112808 1.70724624985519
7.75999999999988 1.09811618664678 1.48897041805975
7.76999999999988 1.14090517049779 1.30061755607223
7.77999999999988 1.19160334085682 1.13821753640966
7.78999999999988 1.25020120924353 0.998274962539589
7.79999999999988 1.31680639985752 0.877732826372774
7.80999999999988 1.3916266033789 0.773931508536734
7.81999999999988 1.47495766694522 0.684566903492404
7.82999999999988 1.56717542606466 0.607649933112922
7.83999999999988 1.66873029249969 0.541468729921018
7.84999999999988 1.78014388936409 0.484554142411638
7.85999999999988 1.90200721278524 0.435648820104144
7.86999999999988 2.03497992568574 0.393679896431974
7.87999999999988 2.17979047099043 0.357735151457379
7.88999999999988 2.33723673972887 0.327042469757899
7.89999999999988 2.5081870502489 0.300952389834531
7.90999999999988 2.69358119062249 0.27892355663306
7.91999999999988 2.89443124664888 0.260510931037807
7.92999999999988 3.11182187868236 0.245356677274416
7.93999999999988 3.34690961390736 0.23318374346778
7.94999999999987 3.60092057341481 0.223792279657885
7.95999999999987 3.87514583461875 0.217059215387089
7.96999999999987 4.17093330685988 0.212941568717407
7.97999999999987 4.48967452159241 0.211484417160052
7.98999999999987 4.83278403114611 0.212834986769485
7.99999999999987 5.20166805160191 0.217265100414702
8.00999999999987 5.59767738797096 0.225205415068351
8.01999999999987 6.02203724870473 0.237296700261919
8.02999999999987 6.47574282836066 0.254466227381345
8.03999999999987 6.95940378837822 0.278041716734779
8.04999999999987 7.47301188358854 0.309922086377075
8.05999999999987 8.01559231330819 0.352834709088525
8.06999999999987 8.5846786415325 0.410724622771329
8.07999999999987 9.17552071164543 0.489343657446736
8.08999999999987 9.77989348370863 0.597136229336832
8.09999999999987 10.3843272349197 0.746545234502162
8.10999999999987 10.9675523310403 0.955854196391505
8.11999999999987 11.4970276620399 1.25154893662649
8.12999999999987 11.9248104098439 1.67070450760388
8.13999999999987 12.184146796008 2.26167005248662
8.14999999999987 12.1905477115295 3.07891704096953
8.15999999999987 11.8544242455257 4.16509571684667
8.16999999999987 11.112699261176 5.51496773118664
8.17999999999987 9.97512468555412 7.03159372875032
8.18999999999987 8.55499251395647 8.51363692852349
8.19999999999987 7.04352543961577 9.71435911371671
8.20999999999987 5.63144843601216 10.449166893563
8.21999999999987 4.43883626646179 10.6663284380323
8.22999999999987 3.50055777769806 10.4337188515636
8.23999999999987 2.7944156270396 9.87725067120391
8.24999999999987 2.27558846749369 9.12562516711476
8.25999999999987 1.89836195563663 8.28262621813367
8.26999999999987 1.6249157996563 7.42112895508395
8.27999999999987 1.42680393391931 6.58735570073827
8.28999999999987 1.28359487668092 5.80781050328449
8.29999999999987 1.18091447919723 5.0956006580038
8.30999999999987 1.10871968212845 4.45524435407148
8.31999999999987 1.05999080558634 3.88602726169697
8.32999999999987 1.02980365982551 3.38423628449254
8.33999999999987 1.01469022297459 2.94459961153233
8.34999999999987 1.01220310807961 2.56119071324866
8.35999999999987 1.02061932282793 2.22797938370164
8.36999999999987 1.03873800388982 1.93915413629735
8.37999999999987 1.06574140157309 1.68929841149975
8.38999999999987 1.10109859724554 1.47347463457016
8.39999999999987 1.14449830788627 1.28725129135025
8.40999999999987 1.19580168216682 1.12669579193565
8.41999999999986 1.25500898895551 0.988347780916201
8.42999999999986 1.32223607453565 0.869182253450335
8.43999999999986 1.39769777322637 0.766568375622077
8.44999999999986 1.48169632851252 0.678227649695759
8.45999999999986 1.57461346778725 0.602193596069051
8.46999999999986 1.67690517006452 0.536774174007949
8.47999999999986 1.78909843511634 0.480517556094221
8.48999999999986 1.91178954502281 0.432181490859411
8.49999999999986 2.04564343138841 0.390706258067171
8.50999999999986 2.19139384033206 0.355191091353659
8.51999999999986 2.34984403324865 0.324873880610792
8.52999999999986 2.52186778012701 0.299113950520854
8.53999999999986 2.708410396179 0.277377729157984
8.54999999999986 2.91048954078216 0.259227164765059
8.55999999999986 3.12919543603012 0.244310817835735
8.56999999999986 3.36569006224817 0.232357652267277
8.57999999999986 3.62120473593952 0.223173681549994
8.58999999999986 3.89703525017924 0.216641808319077
8.59999999999986 4.19453342504506 0.212725452157061
8.60999999999986 4.51509342469747 0.211476929563735
8.61999999999986 4.86013046835625 0.213052091837574
8.62999999999986 5.23104847040717 0.217733536349754
8.63999999999986 5.62919149577875 0.225965934600331
8.64999999999986 6.05577140523849 0.238408904128391
8.65999999999986 6.5117602118924 0.256015765282848
8.66999999999986 6.99772972648752 0.280151051716629
8.67999999999986 7.51361188623836 0.312766672113511
8.68999999999986 8.05833903985058 0.356667427188556
8.69999999999986 8.62930207632642 0.415912799925731
8.70999999999986 9.22153302942531 0.496425003506853
8.71999999999986 9.82647650685229 0.606902362947544
8.72999999999986 10.4301669943423 0.760162784807625
8.73999999999986 11.0106057321952 0.975029538952255
8.74999999999986 11.5342210541723 1.27872222390566
8.75999999999986 11.9517229399074 1.70919738669499
8.76999999999986 12.1948639748507 2.31557129952852
8.77999999999986 12.178110184416 3.15226138202957
8.78999999999986 11.8125158268397 4.2597551318543
8.79999999999986 11.0388803791858 5.62725446952083
8.80999999999986 9.87430229226026 7.14952815398775
8.81999999999986 8.43983018921297 8.61867534045596
8.82999999999986 6.92978063535128 9.78880072338728
8.83999999999986 5.53138884373429 10.4839931939003
8.84999999999986 4.3579642396967 10.6631410631072
8.85999999999986 3.43872153051648 10.4009436728269
8.86999999999986 2.74861738745508 9.82516894768977
8.87999999999986 2.24218331642337 9.06324627422521
8.88999999999985 1.874125572897 8.21661124984439
8.89999999999985 1.60734579964916 7.35588025127711
8.90999999999985 1.41407603778473 6.52551591185359
8.91999999999985 1.2744176420573 5.75078955594598
8.92999999999985 1.17438418368037 5.04400003867823
8.93999999999985 1.10420516229111 4.40916198540569
8.94999999999985 1.05705003854654 3.84526388523192
8.95999999999985 1.0281257674753 3.34843015276662
8.96999999999985 1.01405584539577 2.91331201238929
8.97999999999985 1.012457459506 2.53395882878233
8.98999999999985 1.02165383420185 2.20434785583025
8.99999999999985 1.04047774398215 1.91869294083245
9.00999999999985 1.06813639333562 1.67161204330129
9.01999999999985 1.10411777611965 1.45820586800661
9.02999999999985 1.14812528803173 1.27408163435295
9.03999999999985 1.20003177297855 1.11534400127291
9.04999999999985 1.25984708625283 0.97856731565637
9.05999999999985 1.32769517108481 0.860758223054663
9.06999999999985 1.40379791321736 0.759314329831563
9.07999999999985 1.48846388415648 0.671982420989031
9.08999999999985 1.58208065231627 0.596818316975804
9.09999999999985 1.68510972591461 0.532149534640355
9.10999999999985 1.7980834527246 0.476541331207231
9.11999999999985 1.92160337891617 0.428766343533751
9.12999999999985 2.05633968766198 0.387777814091836
9.13999999999985 2.20303141420907 0.352686271523378
9.14999999999985 2.36248717777509 0.322739475471209
9.15999999999985 2.53558618747799 0.297305422346683
9.16999999999985 2.72327927158311 0.275858228419821
9.17999999999985 2.92658964550596 0.257966752718489
9.18999999999985 3.14661306973194 0.243285893197243
9.19999999999985 3.38451694547771 0.231550588636182
9.20999999999985 3.64153773929568 0.222572694146716
9.21999999999985 3.91897589557191 0.216241085192677
9.22999999999985 4.21818705344234 0.21252560861103
9.23999999999985 4.54056787873999 0.211485878860214
9.24999999999985 4.88753406962296 0.213286476098952
9.25999999999985 5.26048696795955 0.218220938187923
9.26999999999985 5.66076350613303 0.226748206925198
9.27999999999985 6.08956162463174 0.23954713582459
9.28999999999985 6.54782931338576 0.257597680121367
9.29999999999985 7.03609928534648 0.28230207276288
9.30999999999985 7.55424179852815 0.315666557053905
9.31999999999985 8.10109355525654 0.360575405840084
9.32999999999985 8.67389855778211 0.421205653818052
9.33999999999985 9.26746470067215 0.503654580736187
9.34999999999985 9.87289684279819 0.616881330531793
9.35999999999984 10.4757201422597 0.774088544542859
9.36999999999984 11.0531884386055 0.994651582059418
9.37999999999984 11.5706781688161 1.30653582459416
9.38999999999984 11.9775358990744 1.74858089133815
9.39999999999984 12.2040316411876 2.37063716247845
9.40999999999984 12.1636666713109 3.22695940818741
9.41999999999984 11.768331177886 4.35565707378579
9.42999999999984 10.9629764416805 5.7401177346416
9.43999999999984 9.77220810348087 7.26677365426259
9.44999999999984 8.32462337387144 8.72157370883037
9.45999999999984 6.81711585802862 9.86014425210143
9.46999999999984 5.43302819071693 10.5156282426115
9.47999999999984 4.2788797661914 10.65736191241
9.48999999999984 3.37844460527474 10.366450423157
9.49999999999984 2.70404850562434 9.77219113798556
9.50999999999984 2.209697140508 9.00060073430253
9.51999999999984 1.85055975243284 8.15075213050615
9.52999999999984 1.59026206895684 7.29104122730506
9.53999999999984 1.40170247378608 6.46421894011138
9.54999999999984 1.26550160269773 5.69436469430846
9.55999999999984 1.16804946389581 4.99299897303581
9.56999999999984 1.09983976251693 4.36365342700485
9.57999999999984 1.05422522686743 3.80503286066367
9.58999999999984 1.02653991956796 3.31310776824098
9.59999999999984 1.01349610007894 2.88245768519323
9.60999999999984 1.01277364760172 2.5071109960391
9.61999999999984 1.02274070989705 2.18105415878156
9.62999999999984 1.04226280301691 1.89852722491115
9.63999999999984 1.07057145844666 1.65418300036722
9.64999999999984 1.10717313916679 1.44316046843706
9.65999999999984 1.15178560301383 1.26110539088095
9.66999999999984 1.20429316092779 1.10415938229325
9.67999999999984 1.26471508870049 0.968931152417345
9.68999999999984 1.33318330494066 0.852458645969246
9.69999999999984 1.40992665716268 0.752167567289618
9.70999999999984 1.49525997841492 0.665829662533794
9.71999999999984 1.58957662859943 0.591522757416277
9.72999999999984 1.69334360804283 0.527593660857739
9.73999999999984 1.80709858453153 0.47262447875257
9.74999999999984 1.93144834691494 0.425402528814238
9.75999999999984 2.0670683131014 0.384893835531777
9.76999999999984 2.21470279353914 0.350220066625577
9.77999999999984 2.37516575274035 0.320638718291016
9.78999999999984 2.54934182633662 0.295526346331218
9.79999999999984 2.73818734133526 0.274364662178313
9.80999999999984 2.94273105128848 0.256729360795065
9.81999999999984 3.16407423120113 0.242281620386758
9.82999999999983 3.40338967019724 0.230762315256308
9.83999999999983 3.66191893849978 0.221989121843979
9.84999999999983 3.94096706605076 0.215856889821983
9.85999999999983 4.24189341740643 0.212341920905046
9.86999999999983 4.56609702627569 0.211511188815776
9.87999999999983 4.91499387785495 0.213538109269807
9.88999999999983 5.28998246495158 0.218727330885525
9.89999999999983 5.69239218653715 0.227552327715151
9.90999999999983 6.12340647772319 0.240711586402382
9.91999999999983 6.5839484447295 0.259212296898038
9.92999999999983 7.0745104270592 0.284495298679646
9.93999999999983 7.59489909838736 0.318622546384386
9.94999999999983 8.14385265248632 0.364559879243133
9.95999999999983 8.71846389288169 0.426605065512968
9.96999999999983 9.31331009816115 0.511035243299202
9.97999999999983 9.91914677811307 0.627077427987828
9.98999999999983 10.5209759809142 0.788328867490903
9.99999999999983 11.0952856744167 1.01472938926178
10.0099999999998 11.6063792084161 1.33500175772034
