0 10 7
0.1 1.837047472415 8.66190537011333
0.2 0.800881833466588 2.11012903401915
0.3 1.27063772714774 0.595460440631033
0.4 2.5462729185884 0.208634573027558
0.5 5.38662481319069 0.159123119200691
0.6 11.0431206340446 0.618983372593426
0.7 8.70529546086929 9.96331822475817
0.8 58.4779159999886 -47.074454503895
0.9 3.06392182296792e+16 -4.08522905811769e+16
1 2.63530882931618e+253 -3.51374510575491e+253
1.1 inf -inf
1.2 inf -inf
1.3 inf -inf
1.4 inf -inf
1.5 inf -inf
1.6 inf -inf
1.7 inf -inf
1.8 inf -inf
1.9 inf -inf
2 inf -inf
2.1 inf -inf
2.2 inf -inf
2.3 inf -inf
2.4 inf -inf
2.5 inf -inf
2.6 inf -inf
2.7 inf -inf
2.8 inf -inf
2.9 inf -inf
3 inf -inf
3.1 inf -inf
3.2 inf -inf
3.3 inf -inf
3.4 inf -inf
3.5 inf -inf
3.6 inf -inf
3.7 inf -inf
3.8 inf -inf
3.9 inf -inf
4 inf -inf
4.1 inf -inf
4.2 inf -inf
4.3 inf -inf
4.4 inf -inf
4.5 inf -inf
4.6 inf -inf
4.7 inf -inf
4.8 inf -inf
4.9 inf -inf
5 inf -inf
5.1 inf -inf
5.2 inf -inf
5.3 inf -inf
5.4 inf -inf
5.5 inf -inf
5.6 inf -inf
5.7 inf -inf
5.8 inf -inf
5.9 inf -inf
5.99999999999999 inf -inf
6.09999999999999 inf -inf
6.19999999999999 inf -inf
6.29999999999999 inf -inf
6.39999999999999 inf -inf
6.49999999999999 inf -inf
6.59999999999999 inf -inf
6.69999999999999 inf -inf
6.79999999999999 inf -inf
6.89999999999999 inf -inf
6.99999999999999 inf -inf
7.09999999999999 inf -inf
7.19999999999999 inf -inf
7.29999999999999 inf -inf
7.39999999999999 inf -inf
7.49999999999999 inf -inf
7.59999999999999 inf -inf
7.69999999999999 inf -inf
7.79999999999999 inf -inf
7.89999999999999 inf -inf
7.99999999999999 inf -inf
8.09999999999999 inf -inf
8.19999999999999 inf -inf
8.29999999999999 inf -inf
8.39999999999999 inf -inf
8.49999999999999 inf -inf
8.59999999999999 inf -inf
8.69999999999999 inf -inf
8.79999999999998 inf -inf
8.89999999999998 inf -inf
8.99999999999998 inf -inf
9.09999999999998 inf -inf
9.19999999999998 inf -inf
9.29999999999998 inf -inf
9.39999999999998 inf -inf
9.49999999999998 inf -inf
9.59999999999998 inf -inf
9.69999999999998 inf -inf
9.79999999999998 inf -inf
9.89999999999998 inf -inf
9.99999999999998 inf -inf
10.1 inf -inf
