0 10 7
0.08 2.03068324541031 9.26927710798825
0.16 0.898621528722516 3.11687715636227
0.24 1.08471699993824 1.04021328879748
0.32 1.76241993933655 0.390014599121027
0.4 3.12969515107586 0.198021930728358
0.48 5.68428197867242 0.185610854590388
0.56 10.0697450861648 0.516834755979487
0.64 12.2468364988548 5.35291729927442
0.72 3.10431986936443 10.3216267597145
0.8 1.20304315750617 3.8681057722179
0.88 1.27330608568982 1.36906905891034
0.96 1.95839987055642 0.54223424014068
1.04 3.38038950621459 0.295401074933067
1.12 5.99503754668599 0.303299979507663
1.2 10.1130477059317 0.913602368997726
1.28 9.53627694366051 6.77056103982742
1.36 2.17685045385666 8.76412403293255
1.44 1.02778132915854 3.0941230140179
1.52 1.23553385979031 1.06936553325579
1.6 1.99082085023555 0.423141164406065
1.68 3.50570950907637 0.236098463556913
1.76 6.29169561333836 0.258582971523479
1.84 10.720418674714 0.892606786980791
1.92 9.55054375308282 7.56418605226625
2 1.8849090529306 9.15235147236705
2.08 0.848373799751927 3.03325959741461
2.16 1.03971737066909 1.00099181039364
2.24 1.70103225107453 0.36980188531448
2.32 3.03287553513262 0.183203995593299
2.4 5.52991479373735 0.165022880195073
2.48 9.88828410072158 0.434434645850393
2.56 12.9628441661235 4.60593163673463
2.64 3.18630593619093 11.0606769519772
2.72 1.18710608291055 4.00575961261822
2.8 1.23174753779307 1.40610717111121
2.88 1.88653507422949 0.547885344320318
2.96 3.25701594185505 0.289520192823833
3.04 5.79256274003293 0.28231171306657
3.12 9.8935758536073 0.791155323495762
3.2 10.2358460282575 6.18878953713565
3.28 2.36161715185246 9.16525353190314
3.36 1.05140641295474 3.25928597857473
3.44 1.23146585541879 1.12857456943886
3.52 1.96680952438073 0.444785983018548
3.6 3.45164009697971 0.245198416424537
3.68 6.18544112155364 0.261939599666981
3.76 10.5511588965221 0.865706637958992
3.84 9.72815303075197 7.28961199021361
3.92 1.95175647432131 9.16733452560252
4 0.876359200858574 3.06422992355209
4.08 1.06744385112459 1.01791216602311
4.16 1.74084348129322 0.379588679726653
4.24 3.09749067805387 0.191120041319115
4.32 5.6355225822622 0.176848118428001
4.4 10.021458834916 0.484251719888392
4.48 12.5321581642611 5.09762038185745
4.56 3.24003704863653 10.5109715752333
4.64 1.23299255389643 3.99237142778245
4.72 1.27802756580785 1.41832565616168
4.8 1.95071292583897 0.561503320655048
4.88 3.35648497417165 0.30442528591292
4.96 5.94258694123659 0.308902142091454
5.04 10.0170726629891 0.909307129114757
5.12 9.5697567485341 6.63164312325142
5.2 2.22836024638825 8.74076452036534
5.28 1.05324207186173 3.11570937708878
5.36 1.26019527372267 1.08368257559022
5.44 2.02480747096687 0.432467587298252
5.52 3.55821730443368 0.244609866841765
5.6 6.36982719936691 0.273554430770786
5.68 10.7685000898094 0.967247554613078
5.76 9.16338905294118 7.70867607018929
5.84 1.90780934138741 8.87142853330154
5.92 0.894041658879557 2.98917743577092
6 1.09998023001209 0.999252211182406
6.08 1.79739828926238 0.377285320535929
6.16 3.19732479924698 0.194615717784422
6.24 5.80817575649317 0.18796808092265
6.32 10.2614219007872 0.550233915721997
6.4 11.9771797030879 5.81149453578283
6.48 2.89338134163075 10.1797204977749
6.56 1.14265225848955 3.70653630372328
6.64 1.24425144589195 1.2979945006984
6.72 1.93625571046267 0.510292789539744
6.8 3.36161749505622 0.276172304646091
6.88 5.98861542315115 0.282267689105893
6.96 10.182922350305 0.855427735220097
7.04 9.83988138048012 6.75403866933068
7.12 2.14989600008487 9.02510568989739
7.2 0.980908685926913 3.12872978228486
7.28 1.17635093270679 1.0667870876639
7.36 1.89919724895209 0.413082879678739
7.44 3.3540354072854 0.221873671563332
7.52 6.04809063420557 0.2282505267761
7.6 10.4819732038471 0.724457174150916
7.68000000000001 10.6148204152939 6.85450531984642
7.76000000000001 2.05140772690104 9.71955770864098
7.84000000000001 0.8561153791027 3.20064130982043
7.92000000000001 1.02322186907407 1.0546511772365
8.00000000000001 1.66160788359399 0.386657360850739
8.08000000000001 2.95568281702009 0.188160503985755
8.16000000000001 5.38666493786558 0.163743264180033
8.24000000000001 9.65340174067309 0.406247397558372
8.32000000000001 13.1339558551073 4.12214461946285
8.40000000000001 2.83189585932834 11.5463469247573
8.48000000000001 1.05130362296295 3.77253435624951
8.56000000000001 1.14011509044258 1.2883882611191
8.64000000000001 1.78259926156265 0.488263831086311
8.72000000000001 3.11341435090471 0.2481873928562
8.80000000000001 5.59542512283367 0.229109601009666
8.88000000000001 9.77575312555322 0.604999547357525
8.96000000000001 11.4801895994887 5.36870182117442
9.04000000000001 2.74576226613219 9.96935858619017
9.12000000000001 1.10858990638926 3.58931435502335
9.20000000000001 1.23137459664903 1.25014394703352
9.28000000000001 1.93089601949941 0.490185023986957
9.36000000000001 3.36409567156975 0.265137546353584
9.44000000000001 6.0075452283337 0.271814480273747
9.52000000000001 10.2505393896584 0.833556507263017
9.60000000000001 9.955876179688 6.80201003993127
9.68000000000001 2.11841737207978 9.14527393873255
9.76000000000001 0.951943334979811 3.13507399962614
9.84000000000001 1.14246597061434 1.06058591421431
9.92000000000001 1.84785902195818 0.405738878051659
10 3.26949172474478 0.213354994094266
