0 10 7
0.05 3.47291203619087 10.620991381867
0.1 1.42771216133953 6.57664397224635
0.15 1.02658344474584 3.37863596049658
0.2 1.06216619823348 1.68893214884523
0.25 1.31790975510636 0.869867687120892
0.3 1.7832371056901 0.480885750075137
0.35 2.51354586297082 0.299042311787319
0.4 3.60928045235262 0.222750432657293
0.45 5.21421147666286 0.216834795137364
0.5 7.49137589975286 0.310455832654358
0.55 10.4120402156877 0.749802622332851
0.6 12.2581133814598 3.07581246962518
0.65 7.16768694935571 9.49576105111119
0.7 2.40913538016321 9.22402409763476
0.75 1.22627293989492 5.19931455037062
0.8 1.03426651134661 2.63336753349691
0.85 1.15932327827105 1.33094540835805
0.9 1.49345383759614 0.704095859474167
0.95 2.05564672813716 0.406762355484064
1 2.91882595415918 0.270461009004385
1.05 4.1999941428892 0.22235756571017
1.1 6.05449556010109 0.249507340287959
1.15 8.61037156850741 0.434636908292159
1.2 11.4728605960071 1.31934100869392
1.25 10.9746140630462 5.60081506773585
1.3 4.35110071154135 10.6179558967639
1.35 1.67867453794031 7.25818772665801
1.4 1.10545343575026 3.83475870051278
1.45 1.08601215636263 1.93472629867434
1.5 1.31141377798386 0.997996430117619
1.55 1.74936667029627 0.549534633060904
1.6 2.44656426256352 0.338362814890904
1.65 3.49667609886343 0.247616158031508
1.7 5.03581927062436 0.234215503049282
1.75 7.21960332945119 0.320745932459561
1.8 10.0355004027796 0.72620381471568
1.85 12.0188281546039 2.78094931158911
1.9 7.64443797071301 8.87727630429604
1.95 2.62917801098612 9.36634860790216
2 1.29983729064264 5.4131971531642
2.05 1.06760375314382 2.76824437492975
2.1 1.17834633236968 1.40603893056803
2.15 1.50507580242 0.746033672555427
2.2 2.0615743763143 0.431740913146606
2.25 2.91832428505816 0.287233909417577
2.3 4.18994581956467 0.235915853411865
2.35 6.0277445310475 0.263792540055269
2.4 8.55056751752996 0.455757628386708
2.45 11.3427133332765 1.35912151859853
2.5 10.7949992911308 5.58424521823339
2.55 4.36856064727526 10.4182581739574
2.6 1.71532199293408 7.18596431893038
2.65 1.13628299173374 3.82190408391224
2.7 1.11664005625188 1.93973929882902
2.75 1.34683982927942 1.00704167161689
2.8 1.79409703125865 0.558897313531513
2.85 2.50561653578216 0.347677575806555
2.9 3.57587963367796 0.257951194874663
2.95 5.14069547283311 0.248509773907814
3 7.34840015894796 0.348426323987248
3.05 10.1411729142316 0.808818491288049
3.1 11.8301609270201 3.09632637689237
3.15 7.10808388970507 9.08207583568982
3.2 2.51876461956089 8.9608404808094
3.25 1.30982847101529 5.15265774462577
3.3 1.10627067033043 2.64908341126382
3.35 1.23561119073884 1.35827776305196
3.4 1.58519264020277 0.730463444847169
3.45 2.17368534097113 0.430814696641888
3.5 3.07546867371012 0.294364569408006
3.55 4.40840154651662 0.250964400852097
3.6 6.32126370705436 0.295327354058767
3.65 8.89565178813684 0.544435181536181
3.69999999999999 11.474406418277 1.7171177250114
3.74999999999999 9.82715832974827 6.54653637911686
3.79999999999999 3.73223436009903 10.1341637729716
3.84999999999999 1.5802726174306 6.56109997042932
3.89999999999999 1.12927585617122 3.45275741096507
3.94999999999999 1.15529066474136 1.75875834261714
3.99999999999999 1.42020702616396 0.923228648281487
4.04999999999999 1.90820062891435 0.521914237599036
4.09999999999999 2.67461955144036 0.33387881697222
4.14999999999999 3.82078683629801 0.258087466401982
4.19999999999999 5.48700886737199 0.263684385186126
4.24999999999999 7.80837455439183 0.400783970721728
4.29999999999999 10.5980153428571 1.02359504027422
4.34999999999999 11.4579862786769 4.04187208002246
4.39999999999999 5.82256641088719 9.73286641289772
4.44999999999999 2.16840735293521 8.10522652570794
4.49999999999999 1.26498646069266 4.52614325577638
4.54999999999999 1.1460165790191 2.32929708786818
4.59999999999999 1.32398178254449 1.20967742593306
4.64999999999999 1.7246673051434 0.665280150725218
4.69999999999999 2.38008774424243 0.405987955606735
4.74999999999999 3.37403437811285 0.29162888073504
4.79999999999999 4.83177378927637 0.26711071184397
4.84999999999999 6.89624401165891 0.347258468335232
4.89999999999999 9.55970437928852 0.726379870743206
4.94999999999999 11.5894935244176 2.52552663733809
4.99999999999999 8.05858433362546 8.07885756840169
5.04999999999999 2.93907913889699 9.32938053283454
5.09999999999999 1.42953262293534 5.61236204442715
5.14999999999999 1.14200113983334 2.9247937994872
5.19999999999999 1.23669683424183 1.50454802241667
5.24999999999999 1.56114292503432 0.807260280727888
5.29999999999999 2.12240482817305 0.472595219743722
5.34999999999999 2.98854314917034 0.318540417545667
5.39999999999999 4.27160009240896 0.265636790888518
5.44999999999999 6.1150488346504 0.302154935172109
5.49999999999999 8.60669825038731 0.530181078576278
5.54999999999999 11.1977370617033 1.57553340157564
5.59999999999999 10.1128824578398 5.96823021522141
5.64999999999999 4.09850590592419 10.0101960181342
5.69999999999999 1.71027427114259 6.79016442635087
5.74999999999999 1.18364057140184 3.6324182120525
5.79999999999999 1.18538564045562 1.86494190348148
5.84999999999999 1.43953624369563 0.983641284692983
5.89999999999999 1.92063035747944 0.557808010551415
5.94999999999999 2.68035421345617 0.35749554932928
5.99999999999999 3.81721708019322 0.276422228551526
6.04999999999999 5.46727540327789 0.281804893474893
6.09999999999999 7.75630840050829 0.425434969948064
6.14999999999999 10.4746372051907 1.06892122359526
6.19999999999999 11.2331184452083 4.07688435591455
6.24999999999999 5.77596921810959 9.53831306796372
6.29999999999999 2.20491606903804 7.97180032890197
6.34999999999999 1.30243544541927 4.48645453213565
6.39999999999999 1.18327313762809 2.32574139064284
6.44999999999999 1.3663535197067 1.21725061066424
6.49999999999998 1.7773474719099 0.675725008080014
6.54999999999998 2.44875949455957 0.417340535393214
6.59999999999998 3.46513660772872 0.304580912748246
6.64999999999998 4.95115328833323 0.284892154801195
6.69999999999998 7.04139134274302 0.380381143461764
6.74999999999998 9.68019895962806 0.81841643037625
6.79999999999998 11.4126109198919 2.85195425042623
6.84999999999998 7.46021543595522 8.34750419269887
6.89999999999998 2.79072344311746 8.9037418581088
6.94999999999998 1.43492092164702 5.31174424777832
6.99999999999998 1.1843699030187 2.78328590809447
7.04999999999998 1.30094313337991 1.44692195756427
7.09999999999998 1.65106462165522 0.788184505851718
7.14999999999998 2.24769613863653 0.471329518324392
7.19999999999998 3.16304433128845 0.327269439567063
7.24999999999998 4.51194354365992 0.284407968505518
7.29999999999998 6.43253513411662 0.342058096311348
7.34999999999998 8.96215197317681 0.642936900027896
7.39999999999998 11.2583086089604 2.01235299602287
7.44999999999998 9.05043983124764 6.90825957855098
7.49999999999998 3.51833056764392 9.59088037700223
7.54999999999998 1.59956693978063 6.15399745414868
7.59999999999998 1.19415261324401 3.26958351951029
7.64999999999998 1.24362865643135 1.69081735144066
7.69999999999998 1.53778095686155 0.905658613691835
7.74999999999998 2.06775228208836 0.526148210672471
7.79999999999998 2.89375783840064 0.349449364729006
7.84999999999998 4.12106846704976 0.284432729360884
7.89999999999998 5.88693103810163 0.311631162765172
7.94999999999998 8.2842035744087 0.517605394786824
7.99999999999998 10.8683174681593 1.43706418841904
8.04999999999998 10.3595244626165 5.34446712301351
8.09999999999998 4.55712637568532 9.77747676616342
8.14999999999998 1.87954777683255 7.05144605389515
8.19999999999998 1.2522422153588 3.85281475857839
8.24999999999998 1.22142738313855 1.99748385389225
8.29999999999998 1.46082810566707 1.05937256923447
8.34999999999998 1.93195762209611 0.602685954282111
8.39999999999998 2.68158745554691 0.38675478595729
8.44999999999999 3.80455504564054 0.298732854009953
8.49999999999999 5.43173041332971 0.303146908535816
8.54999999999999 7.6786967859221 0.452714582417353
8.59999999999999 10.3160183654416 1.11216397041356
8.64999999999999 10.9986668228781 4.07436141543952
8.69999999999999 5.76944948316765 9.29725830349301
8.74999999999999 2.2620300016943 7.84927898687175
8.79999999999999 1.34971051813284 4.46448066303076
8.84999999999999 1.22683426433497 2.33483008228884
8.89999999999999 1.41378473072494 1.23290237560359
8.94999999999999 1.83463726278403 0.69149653965301
8.99999999999999 2.52182261163956 0.432628121705369
9.04999999999999 3.56015169495487 0.321060897689212
9.09999999999999 5.07270337497356 0.306874788603314
9.15 7.18267207120518 0.420778758618409
9.2 9.77561892555899 0.92894228956978
9.25 11.1581523592185 3.2123855895626
9.3 6.87540970453698 8.53486178404154
9.35 2.65940087808894 8.45638179935241
9.4 1.44803684844361 5.01199018076951
9.45 1.2344144343929 2.64442706271177
9.5 1.37479225331534 1.39165992935251
9.55 1.75356041972665 0.771342130621838
9.6 2.38963638775105 0.472531512739734
9.65 3.35933252393236 0.339301407415407
9.7 4.77927464759639 0.308788809515738
9.75 6.77699252211541 0.394870735338596
9.8 9.31342250335348 0.797612658491074
9.85 11.1512495478816 2.59364271824831
9.90000000000001 7.86545139549461 7.72958745272476
9.95000000000001 3.06375828334602 8.93805770463695
10 1.54129369134729 5.51908645445935
