0 10
0.01 8.58423235281855
0.02 7.07302642986297
0.03 5.6578483802089
0.04 4.46048681142653
0.05 3.51733146266623
0.06 2.80699883101931
0.07 2.28489089538911
0.08 1.90521424248424
0.09 1.62997414861957
0.1 1.43055253422457
0.11 1.28637970250975
0.12 1.18297957558585
0.13 1.11023677689631
0.14 1.06108109692748
0.15 1.03055312231813
0.16 1.01516014684353
0.17 1.01243731013443
0.18 1.02064908582311
0.19 1.03858547769426
0.2 1.06542196225698
0.21 1.1006224963716
0.22 1.1438718342889
0.23 1.19502798548059
0.24 1.25408866580386
0.25 1.32116758619197
0.26 1.39647774213028
0.27 1.48031974661551
0.28 1.57307383994001
0.29 1.6751946090004
0.3 1.78720772002516
0.31 1.90970815259002
0.32 2.04335954606838
0.33 2.1888943492555
0.34 2.34711451036283
0.35 2.51889246383956
0.36 2.70517216488974
0.37 2.90696989126743
0.38 3.12537447077655
0.39 3.36154649368189
0.4 3.61671591833179
0.41 3.89217725425778
0.42 4.18928117666614
0.43 4.50942093837014
0.44 4.85401122057137
0.45 5.22445597914291
0.46 5.62210020522884
0.47 6.04815802506638
0.48 6.5036057381567
0.49 6.98902249249827
0.5 7.50435218009016
0.51 8.04854611665681
0.52 8.61902483445844
0.53 9.21086625969053
0.54 9.81558546423037
0.55 10.4193238931897
0.56 11.0002418492345
0.57 11.524995170768
0.58 11.9445955343404
0.59 12.1911375015073
0.6 12.1793420266862
0.61 11.8201589439218
0.62 11.0535757165131
0.63 9.89510022622488
0.64 8.46406394285276
0.65 6.9540501893166
0.66 5.55298935610298
0.67 4.37562268842486
0.68 3.45238811531335
0.69 2.75887689742966
0.7 2.24978325440477
0.71 1.87974073596365
0.72 1.61150686968145
0.73 1.41717401836461
0.74 1.27673197177885
0.75 1.17611219121463
0.76 1.10548593051248
0.77 1.05798192043604
0.78 1.0287786863333
0.79 1.01447976961125
0.8 1.01268820766843
0.81 1.02171705724212
0.820000000000001 1.04039167158804
0.830000000000001 1.06791374206127
0.840000000000001 1.10376708563291
0.850000000000001 1.14765186396099
0.860000000000001 1.19943835636153
0.870000000000001 1.25913433083609
0.880000000000001 1.32686198395908
0.890000000000001 1.4028416970491
0.900000000000001 1.48738070767664
0.910000000000001 1.58086536785652
0.920000000000001 1.68375604740426
0.930000000000001 1.79658400387214
0.940000000000001 1.91994971877036
0.950000000000001 2.05452231903575
0.960000000000001 2.20103977933182
0.970000000000001 2.36030964488032
0.980000000000001 2.53321003175557
0.990000000000001 2.72069065400465
1 2.92377359348631
1.01 3.14355346449083
1.02 3.38119652244414
1.03 3.63793811017475
1.04 3.91507760411516
1.05 4.21396968207131
1.06 4.53601023081223
1.07 4.88261446362202
1.08 5.25518369731376
1.09 5.65505554500914
1.1 6.08342970112058
1.11 6.5412575352531
1.12 7.02907760292948
1.13 7.54676974435726
1.14 8.09318593988115
1.15 8.66559416503101
1.16 9.25883955256429
1.17 9.86408429428341
1.18 10.466940753277
1.19 11.0447925893211
1.2 11.5632018068699
1.21 11.9717601517938
1.22 12.2010125746724
1.23 12.1646572639706
1.24 11.7744783287992
1.25 10.9747420490097
1.26 9.78876058311626
1.27 8.34378724627453
1.28 6.83619984555517
1.29 5.44994667900231
1.3 4.29268593183077
1.31 3.38913282614687
1.32 2.71208851655521
1.33 2.2156734300249
1.34 1.85499558260316
1.35 1.5935677980929
1.36 1.40418038006899
1.37 1.26736796428092
1.38 1.16945730763092
1.39 1.10089721222972
1.4 1.055008958861
1.41 1.02710461778367
1.42 1.01388097997809
1.43 1.01300693314034
1.44 1.02284271087839
1.45 1.04224804204868
1.46 1.07045015192117
1.47 1.10695223669702
1.48 1.15146952250286
1.49 1.20388431168828
1.5 1.26421424531312
1.51 1.33258987474045
1.52 1.40923887097826
1.53 1.49447502523594
1.54 1.58869074876166
1.55 1.69235215535344
1.56 1.8059960648903
1.57 1.93022843901514
1.58 2.0657238754521
1.59 2.21322586116723
1.6 2.37354752639832
1.61 2.54757265680257
1.62 2.73625671142163
1.63 2.94062755849003
1.64 3.16178557456147
1.65 3.4009026460551
1.66 3.65921945145648
1.67 3.93804016404025
1.68 4.23872336355883
1.69 4.56266742598542
1.7 4.91128788810194
1.71 5.28598312606645
1.72 5.68808293676831
1.73 6.11877194216321
1.74 6.57897563876087
1.75 7.06919059052243
1.76 7.58923049565145
1.77 8.13784485835676
1.78 8.71214436529018
1.79 9.30673424675966
1.8 9.91241327311495
1.81 10.5142495783602
1.82 11.0888298369512
1.83 11.6005987560624
1.84 11.9977111439179
1.85 12.2091771193025
1.86 12.1477653230833
1.87 11.7263115322881
1.88 10.8936608715401
1.89 9.6810876111181
1.9 8.22351494372599
1.91 6.71954830326978
1.92 5.34873848101096
1.93 4.21165592553924
1.94 3.32752951733042
1.95 2.66659757272537
1.96 2.18253159028983
1.97 1.8309562410911
1.98 1.57614060273166
1.99 1.39155998467301
2 1.25827941054141
2.01 1.16300901055503
2.02 1.09646634387019
2.03 1.05215907227156
2.04 1.02552857371523
2.05 1.01336199802696
2.06 1.01339210837286
2.07 1.02402495805387
2.08 1.04415371090807
2.09 1.07303046788694
2.1 1.11017733917237
2.11 1.15532428329033
2.12 1.20836538644476
2.13 1.26932798907534
2.14 1.33835087034443
2.15 1.41566889758291
2.16 1.50160234670872
2.17 1.59654963716072
2.18 1.70098258882001
2.19 1.81544355562595
2.2 1.94054395804752
2.21 2.07696384812818
2.22 2.22545221172271
2.23 2.38682775210407
2.24 2.56197991235006
2.25 2.75186988238927
2.26 2.95753129868533
2.27 3.18007027522123
2.28 3.42066429437981
2.29 3.68055932028132
2.29999999999999 3.96106425131445
2.30999999999999 4.26354146618548
2.31999999999999 4.58939168200748
2.32999999999999 4.94003054572678
2.33999999999999 5.31685318435576
2.34999999999999 5.72118113019866
2.35999999999999 6.15418327702236
2.36999999999999 6.61675828231968
2.37999999999999 7.10935928492354
2.38999999999999 7.63173169824501
2.39999999999999 8.18251932951047
2.40999999999999 8.75867072362278
2.41999999999999 9.35454392239594
2.42999999999999 9.96056348902479
2.43999999999999 10.5612378879919
2.44999999999999 11.1323362373714
2.45999999999999 11.6371626775324
2.46999999999999 12.0224195339767
2.47999999999999 12.2156010510629
2.48999999999999 12.1286474911348
2.49999999999999 11.675672279115
2.50999999999999 10.8103967502008
2.51999999999999 9.57218919380849
2.52999999999999 8.1033569220871
2.53999999999999 6.60416339878787
2.54999999999999 5.24937872672923
2.55999999999999 4.13251013652751
2.56999999999999 3.26754194490229
2.57999999999999 2.62236859337702
2.58999999999999 2.1503287235792
2.59999999999999 1.80760089360263
2.60999999999999 1.55920950942654
2.61999999999999 1.37930160073053
2.62999999999999 1.24945832515147
2.63999999999999 1.1567615839605
2.64999999999999 1.09218918568569
2.65999999999999 1.04942921796535
2.66999999999999 1.02404828005511
2.67999999999999 1.01292109311193
2.68999999999999 1.01384239076761
2.69999999999999 1.02526273599723
2.70999999999999 1.04610781898202
2.71999999999999 1.0756539799668
2.72999999999999 1.11344179292084
2.73999999999999 1.15921562717754
2.74999999999999 1.21288112097809
2.75999999999999 1.27447514568391
2.76999999999998 1.3441445849985
2.77999999999998 1.42213141189279
2.78999999999998 1.5087623199998
2.79999999999998 1.60444168730359
2.80999999999998 1.70964700286949
2.81999999999998 1.82492612713388
2.82999999999998 1.95089591855951
2.83999999999998 2.08824186733284
2.84999999999998 2.23771844492234
2.85999999999998 2.40014991565735
2.86999999999998 2.57643136774433
2.87999999999998 2.76752970762253
2.88999999999998 2.97448432141076
2.89999999999998 3.19840703506508
2.90999999999998 3.44048089102775
2.91999999999998 3.70195708781487
2.92999999999998 3.98414917550782
2.93999999999998 4.28842322640036
2.94999999999998 4.61618214731739
2.95999999999998 4.96884147721032
2.96999999999998 5.34779277844058
2.97999999999998 5.75434886004728
2.98999999999998 6.18966221648708
2.99999999999998 6.65460367713848
3.00999999999998 7.14958148695007
3.01999999999998 7.67427057808327
3.02999999999998 8.2272057582115
3.03999999999998 8.80516845460802
3.04999999999998 9.40226205476722
3.05999999999998 10.0085258827419
3.06999999999998 10.6078930027347
3.07999999999998 11.175294196161
3.08999999999998 11.6728700215842
3.09999999999998 12.0458563802149
3.10999999999998 12.2202550149357
3.11999999999998 12.107287101516
3.12999999999998 11.6225778434323
3.13999999999998 10.7250179366493
3.14999999999998 9.46217422145378
3.15999999999998 7.98342000918503
3.16999999999998 6.49010792406779
3.17999999999998 5.15187742481647
3.18999999999998 4.05522431132649
3.19999999999998 3.20913380023652
3.20999999999998 2.5793667756346
3.21999999999998 2.11903662952776
3.22999999999998 1.7849084263827
3.23999999999997 1.5427592822327
3.24999999999997 1.36739438521721
3.25999999999997 1.2408969959973
3.26999999999997 1.15070950251583
3.27999999999997 1.08806173112869
3.28999999999997 1.046816446859
3.29999999999997 1.02266152910862
3.30999999999997 1.01255658210774
3.31999999999997 1.0143564720677
3.32999999999997 1.02655500695881
3.33999999999997 1.04810952542947
3.34999999999997 1.07831999165724
3.35999999999997 1.11674500770912
3.36999999999997 1.16314304223523
3.37999999999997 1.2174310607999
3.38999999999997 1.27965530226818
3.39999999999997 1.34997063523099
3.40999999999997 1.42862605020957
3.41999999999997 1.5159545934303
3.42999999999997 1.61236655312648
3.43999999999997 1.71834505161402
3.44999999999997 1.83444342893969
3.45999999999997 1.96128396118158
3.46999999999997 2.09955756076854
3.47999999999997 2.25002417163356
3.48999999999997 2.41351360717493
3.49999999999997 2.59092658829643
3.50999999999997 2.78323572329397
3.51999999999997 2.99148612893083
3.52999999999997 3.2167953170472
3.53999999999997 3.46035185335258
3.54999999999997 3.72341211828629
3.55999999999997 4.00729423848391
3.56999999999997 4.31336787205192
3.57999999999997 4.64303796068389
3.58999999999997 4.99771971227297
3.59999999999997 5.37880080188989
3.60999999999997 5.78758484611429
3.61999999999997 6.22520725328919
3.62999999999997 6.69251001194597
3.63999999999997 7.18985496848523
3.64999999999997 7.71684432258751
3.65999999999997 8.2719004964328
3.66999999999997 8.85163269848979
3.67999999999997 9.44988201364001
3.68999999999997 10.0562912468123
3.69999999999997 10.6542020446568
3.70999999999996 11.2176858837523
3.71999999999996 11.7076970450719
3.72999999999996 12.0679928149148
3.73999999999996 12.2231104614709
3.74999999999996 12.0836696348081
3.75999999999996 11.5670490879811
3.76999999999996 10.6375962094556
3.77999999999996 9.35115225323693
3.78999999999996 7.86380773189657
3.79999999999996 6.37743967309298
3.80999999999996 5.05624084205174
3.81999999999996 3.97977266324226
3.82999999999996 3.15226880267438
3.83999999999996 2.53755800826902
3.84999999999996 2.08862790846564
3.85999999999996 1.76285841032991
3.86999999999996 1.52677520517756
3.87999999999996 1.35582786924378
3.88999999999996 1.23258797390517
3.89999999999996 1.14484742433083
3.90999999999996 1.08408010183689
3.91999999999996 1.04431790002539
3.92999999999996 1.02136617715649
3.93999999999996 1.01226682772787
3.94999999999996 1.01493307716769
3.95999999999996 1.02790075735856
3.96999999999996 1.05015800713488
3.97999999999996 1.08102781948985
3.98999999999996 1.12008640287229
3.99999999999996 1.16710602349794
4.00999999999996 1.2220147563942
4.01999999999996 1.28486804937818
4.02999999999996 1.35582863975656
4.03999999999996 1.43515245001719
4.04999999999996 1.52317881566683
4.05999999999996 1.62032388819552
4.06999999999996 1.72707638816728
4.07999999999996 1.8439951090035
4.08999999999996 1.97170772445341
4.09999999999996 2.11091055354786
4.10999999999996 2.26236899964852
4.11999999999996 2.42691841321595
4.12999999999996 2.60546513527113
4.13999999999996 2.79898746102591
4.14999999999996 3.00853621843116
4.15999999999996 3.23523457847894
4.16999999999996 3.48027659245287
4.17999999999996 3.74492376899184
4.18999999999996 4.03049873440598
4.19999999999995 4.33837462239655
4.20999999999995 4.66995825121567
4.21999999999995 5.02666426965234
4.22999999999995 5.40987613559088
4.23999999999995 5.8208877932537
4.24999999999995 6.26081686208825
4.25999999999995 6.7304754529449
4.26999999999995 7.23017747237792
4.27999999999995 7.75945008046425
4.28999999999995 8.31659984292255
4.29999999999995 8.89805852066776
4.30999999999995 9.49739706259243
4.31999999999995 10.1038502250869
4.32999999999995 10.7001519380683
4.33999999999995 11.2594932405086
4.34999999999995 11.7416198279919
4.35999999999995 12.0888000853669
4.36999999999995 12.2241397246992
4.37999999999995 12.0577828170961
4.38999999999995 11.5091104909725
4.39999999999995 10.548206698834
4.40999999999995 9.23923318038624
4.41999999999995 7.74462009837143
4.42999999999995 6.26621150895359
4.43999999999995 4.96247171836368
4.44999999999995 3.90612805014907
4.45999999999995 3.09691078376301
4.46999999999995 2.4969088894263
4.47999999999995 2.05907594958141
4.48999999999995 1.74143108164888
4.49999999999995 1.51124306448521
4.50999999999995 1.34459194426781
4.51999999999995 1.22452406268737
4.52999999999995 1.13917018399544
4.53999999999995 1.08024054282193
4.54999999999995 1.04193080537101
4.55999999999995 1.02016014214778
4.56999999999995 1.01205023690825
4.57999999999995 1.01557096296885
4.58999999999995 1.02929899696559
4.59999999999995 1.05225245811299
4.60999999999995 1.08377679259417
4.61999999999995 1.12346540698879
4.62999999999995 1.17110407271965
4.63999999999995 1.2266317630316
4.64999999999995 1.29011298084183
4.65999999999995 1.36171821936543
4.66999999999994 1.44171024989509
4.67999999999994 1.53043463565293
4.68999999999994 1.6283133456523
4.69999999999994 1.73584066460091
4.70999999999994 1.85358081368502
4.71999999999994 1.98216684479586
4.72999999999994 2.12230046817109
4.73999999999994 2.27475253366634
4.74999999999994 2.44036391676823
4.75999999999994 2.62004656587677
4.76999999999994 2.81478444788342
4.77999999999994 3.02563408201452
4.78999999999994 3.25372427102779
4.79999999999994 3.50025451317397
4.80999999999994 3.76649139029959
4.81999999999994 4.05376194974441
4.82999999999994 4.36344268810844
4.83999999999994 4.69694213837325
4.84999999999994 5.05567415711569
4.85999999999994 5.44101764775936
4.86999999999994 5.85425639137701
4.87999999999994 6.29648949945968
4.88999999999994 6.76849814377028
4.89999999999994 7.27054671234759
4.90999999999994 7.80208496152149
4.91999999999994 8.36130004288646
4.92999999999994 8.94444091120896
4.93999999999994 9.54480035839798
4.94999999999994 10.151193312314
4.95999999999994 10.7457294105111
4.96999999999994 11.3006979823845
4.97999999999994 11.7746142912648
4.98999999999994 12.1082495967456
4.99999999999994 12.2233161015066
5.00999999999994 12.0296167151071
5.01999999999994 11.448790160132
5.02999999999994 10.4569276956156
5.03999999999994 9.12652689239243
5.04999999999994 7.62595340485625
5.05999999999994 6.15647144984509
5.06999999999994 4.87056948143452
5.07999999999994 3.83426214276506
5.08999999999994 3.04302376354338
5.09999999999994 2.45738674049446
5.10999999999994 2.0303549179892
5.11999999999994 1.72060732263002
5.12999999999994 1.49614913128485
5.13999999999993 1.33367684879202
5.14999999999993 1.21669830957498
5.15999999999993 1.13367278589928
5.16999999999993 1.07653941785384
5.17999999999993 1.03965247444755
5.18999999999993 1.01904140148455
5.19999999999993 1.0119052592539
5.20999999999993 1.01626891727784
5.21999999999993 1.03074875810806
5.22999999999993 1.05439208893498
5.23999999999993 1.08656625227581
5.24999999999993 1.12688145756665
5.25999999999993 1.17513669813757
5.26999999999993 1.23128164058958
5.27999999999993 1.29538969362677
5.28999999999993 1.36763899681612
5.29999999999993 1.44829908943419
5.30999999999993 1.53772170254281
5.31999999999993 1.63633457816117
5.32999999999993 1.74463753190244
5.33999999999993 1.86320018770988
5.34999999999993 1.99266095648407
5.35999999999993 2.13372692450488
5.36999999999993 2.28717437527641
5.37999999999993 2.45384969723548
5.38999999999993 2.634670433256
5.39999999999993 2.8306262063684
5.40999999999993 3.04277920669791
5.41999999999993 3.27226384071745
5.42999999999993 3.52028501411096
5.43999999999993 3.78811432565526
5.44999999999993 4.07708316328547
5.45999999999993 4.38857127129112
5.46999999999993 4.72398873198252
5.47999999999993 5.08474837147431
5.48999999999993 5.47222419395251
5.49999999999993 5.88768931545946
5.50999999999993 6.33222360388622
5.51999999999993 6.80657620545164
5.52999999999993 7.31096037289417
5.53999999999993 7.84474603649214
5.54999999999993 8.40599728768161
5.55999999999993 8.99077478438113
5.56999999999993 9.59208495045684
5.57999999999993 10.1983108538454
5.58999999999993 10.7909209940168
5.59999999999993 11.3412816071939
5.60999999999992 11.8066562157371
5.61999999999992 12.1263129568739
5.62999999999992 12.2206139322479
5.63999999999992 11.9991638275812
5.64999999999992 11.3861198334174
5.65999999999992 10.3638404454635
5.66999999999992 9.01314294843973
5.67999999999992 7.50790006735652
5.68999999999992 6.04826277217886
5.69999999999992 4.78053045961808
5.70999999999992 3.76414558340098
5.71999999999992 2.99057201933067
5.72999999999992 2.41895961645634
5.73999999999992 2.00243974086523
5.74999999999992 1.70036864260872
5.75999999999992 1.48148014480548
5.76999999999992 1.32307315553667
5.77999999999992 1.20910399602345
5.78999999999992 1.12835039782043
5.79999999999992 1.07297320503276
5.80999999999992 1.03748029939177
5.81999999999992 1.01800798989422
5.82999999999992 1.01183038554565
5.83999999999992 1.01702575774705
5.84999999999992 1.03224909491217
5.85999999999992 1.05657612617527
5.86999999999992 1.08939555160937
5.87999999999992 1.13033400074031
5.88999999999992 1.17920341424391
5.89999999999992 1.23596395337874
5.90999999999992 1.30069778770671
5.91999999999992 1.37359059673168
5.92999999999992 1.45491860915565
5.93999999999992 1.54503966563719
5.94999999999992 1.64438723785837
5.95999999999992 1.75346663993474
5.96999999999992 1.87285287413726
5.97999999999992 2.00318969162172
5.98999999999992 2.1451895397619
5.99999999999992 2.29963412294258
6.00999999999992 2.46737533042551
6.01999999999992 2.64933628647746
6.02999999999992 2.84651225441442
6.03999999999992 3.05997107441048
6.04999999999992 3.29085272792874
6.05999999999992 3.54036748761266
6.06999999999992 3.8097919115893
6.07999999999991 4.10046164614142
6.08999999999991 4.41375956549036
6.09999999999991 4.75109713225003
6.10999999999991 5.11388589859987
6.11999999999991 5.50349461708386
6.12999999999991 5.92118522554912
6.13999999999991 6.36801759575271
6.14999999999991 6.84470773637945
6.15999999999991 7.35141610921346
6.16999999999991 7.88743033686507
6.17999999999991 8.45068771452257
6.18999999999991 9.03705497820939
6.19999999999991 9.63924378027807
6.20999999999991 10.2451930454603
6.21999999999991 10.8357130266461
6.22999999999991 11.3812254015089
6.23999999999991 11.8377212624322
6.24999999999991 12.1429620228516
6.25999999999991 12.2160086823578
6.26999999999991 11.9664191722749
6.27999999999991 11.3211348660053
6.28999999999991 10.2690289294625
6.29999999999991 8.8991902560912
6.30999999999991 7.39054847814231
6.31999999999991 5.94162412898887
6.32999999999991 4.69234809204495
6.33999999999991 3.69574813524269
6.34999999999991 2.9395201474273
6.35999999999991 2.38159631305443
6.36999999999991 1.97530609280393
6.37999999999991 1.68069715914857
6.38999999999991 1.46722329605782
6.39999999999991 1.31277175907326
6.40999999999991 1.20173462887735
6.41999999999991 1.12319834477253
6.42999999999991 1.06953849254006
6.43999999999991 1.03541174998831
6.44999999999991 1.01705799738587
6.45999999999991 1.01182414630457
6.46999999999991 1.01784033085488
6.47999999999991 1.03379908256906
6.48999999999991 1.05880381187803
6.49999999999991 1.09226405504557
6.50999999999991 1.13382249097789
6.51999999999991 1.18330374156514
6.52999999999991 1.24067826997463
6.53999999999991 1.30603686593209
6.5499999999999 1.37957264549922
6.5599999999999 1.4615684504322
6.5699999999999 1.55238817432133
6.5799999999999 1.65247097630283
6.5899999999999 1.76232763739695
6.5999999999999 1.88253851432882
6.6099999999999 2.01375268011632
6.6199999999999 2.15668792848149
6.6299999999999 2.31213137198838
6.6399999999999 2.48094038853932
6.6499999999999 2.6640436705284
6.6599999999999 2.86244210538259
6.6699999999999 3.07720916199256
6.6799999999999 3.30949036740166
6.6899999999999 3.56050131978669
6.6999999999999 3.83152347772515
6.7099999999999 4.12389666176191
6.7199999999999 4.43900675570859
6.7299999999999 4.77826642977996
6.7399999999999 5.14308571344288
6.7499999999999 5.53482774744075
6.7599999999999 5.95474276677876
6.7699999999999 6.40386987734437
6.7799999999999 6.8828908122759
6.7899999999999 7.39191154711826
6.7999999999999 7.93013485472429
6.8099999999999 8.49536740620077
6.8199999999999 9.08327625405791
6.8299999999999 9.68626968101588
6.8399999999999 10.2918299333164
6.8499999999999 10.8800916543238
6.8599999999999 11.4205104482156
6.8699999999999 11.8677849940746
6.8799999999999 12.1581689495109
6.8899999999999 12.2094770246961
6.8999999999999 11.9313803679929
6.9099999999999 11.2538742032251
6.9199999999999 10.1725796323384
6.9299999999999 8.78477675916175
6.9399999999999 7.27398288688393
6.9499999999999 5.83658968182749
6.9599999999999 4.60601313491846
6.9699999999999 3.62903882228865
6.9799999999999 2.88983311820268
6.9899999999999 2.34526637107297
6.9999999999999 1.94893038053014
7.00999999999989 1.66157557948728
7.01999999999989 1.4533662120014
7.02999999999989 1.30276386390681
7.03999999999989 1.1945839318811
7.04999999999989 1.11821210309958
7.05999999999989 1.06623197456108
7.06999999999989 1.03344437084997
7.07999999999989 1.01618956728696
7.08999999999989 1.01188511041166
7.09999999999989 1.01871151092423
7.10999999999989 1.0353978166286
7.11999999999989 1.06107440304276
7.12999999999989 1.09517113803195
7.13999999999989 1.13734639079825
7.14999999999989 1.18743720644873
7.15999999999989 1.24542416305522
7.16999999999989 1.31140653390489
7.17999999999989 1.3855847711727
7.18999999999989 1.46824825541203
7.19999999999989 1.55976687800502
7.20999999999989 1.66058544442873
7.21999999999989 1.77122017178674
7.22999999999989 1.89225674791876
7.23999999999989 2.02434954965576
7.24999999999989 2.16822170251141
7.25999999999989 2.32466571458309
7.26999999999989 2.49454444016104
7.27999999999989 2.67879212630814
7.28999999999989 2.8784152680583
7.29999999999989 3.09449294119546
7.30999999999989 3.3281761882384
7.31999999999989 3.58068589050575
7.32999999999989 3.85330834678865
7.33999999999989 4.14738746594672
7.34999999999989 4.46431201842088
7.35999999999989 4.80549570559285
7.36999999999989 5.17234678005307
7.37999999999989 5.56622240270415
7.38999999999989 5.98836056938075
7.39999999999989 6.43977883284864
7.40999999999989 6.92112348617016
7.41999999999989 7.43244428296534
7.42999999999989 7.97285654259661
7.43999999999989 8.54003239081761
7.44999999999989 9.12943329623816
7.45999999999989 9.7331553770636
7.46999999999989 10.3382114140337
7.47999999999988 10.9240428329841
7.48999999999988 11.4591176347502
7.49999999999988 11.8968228979103
7.50999999999988 12.1719062396529
7.51999999999988 12.2009969223411
7.52999999999988 11.8940477110445
7.53999999999988 11.1843803392158
7.54999999999988 10.07458129967
7.55999999999988 8.67000913658734
7.56999999999988 7.15828330600033
7.57999999999988 5.7331892443725
7.58999999999988 4.52151386313228
7.59999999999988 3.56398606011659
7.60999999999988 2.841476324965
7.61999999999988 2.30994007802269
7.62999999999988 1.92328972709065
7.63999999999988 1.64298718227833
7.64999999999988 1.43989694019411
7.65999999999988 1.29304097299353
7.66999999999988 1.18764583752258
7.67999999999988 1.11338729480833
7.68999999999988 1.06305044737238
7.69999999999988 1.03157577871058
7.70999999999988 1.01540089435695
7.71999999999988 1.01201188378032
7.72999999999988 1.01963819917768
7.73999999999988 1.03704441231877
7.74999999999988 1.06338717112808
7.75999999999988 1.09811618664678
7.76999999999988 1.14090517049779
7.77999999999988 1.19160334085682
7.78999999999988 1.25020120924353
7.79999999999988 1.31680639985752
7.80999999999988 1.3916266033789
7.81999999999988 1.47495766694522
7.82999999999988 1.56717542606466
7.83999999999988 1.66873029249969
7.84999999999988 1.78014388936409
7.85999999999988 1.90200721278524
7.86999999999988 2.03497992568574
7.87999999999988 2.17979047099043
7.88999999999988 2.33723673972887
7.89999999999988 2.5081870502489
7.90999999999988 2.69358119062249
7.91999999999988 2.89443124664888
7.92999999999988 3.11182187868236
7.93999999999988 3.34690961390736
7.94999999999987 3.60092057341481
7.95999999999987 3.87514583461875
7.96999999999987 4.17093330685988
7.97999999999987 4.48967452159241
7.98999999999987 4.83278403114611
7.99999999999987 5.20166805160191
8.00999999999987 5.59767738797096
8.01999999999987 6.02203724870473
8.02999999999987 6.47574282836066
8.03999999999987 6.95940378837822
8.04999999999987 7.47301188358854
8.05999999999987 8.01559231330819
8.06999999999987 8.5846786415325
8.07999999999987 9.17552071164543
8.08999999999987 9.77989348370863
8.09999999999987 10.3843272349197
8.10999999999987 10.9675523310403
8.11999999999987 11.4970276620399
8.12999999999987 11.9248104098439
8.13999999999987 12.184146796008
8.14999999999987 12.1905477115295
8.15999999999987 11.8544242455257
8.16999999999987 11.112699261176
8.17999999999987 9.97512468555412
8.18999999999987 8.55499251395647
8.19999999999987 7.04352543961577
8.20999999999987 5.63144843601216
8.21999999999987 4.43883626646179
8.22999999999987 3.50055777769806
8.23999999999987 2.7944156270396
8.24999999999987 2.27558846749369
8.25999999999987 1.89836195563663
8.26999999999987 1.6249157996563
8.27999999999987 1.42680393391931
8.28999999999987 1.28359487668092
8.29999999999987 1.18091447919723
8.30999999999987 1.10871968212845
8.31999999999987 1.05999080558634
8.32999999999987 1.02980365982551
8.33999999999987 1.01469022297459
8.34999999999987 1.01220310807961
8.35999999999987 1.02061932282793
8.36999999999987 1.03873800388982
8.37999999999987 1.06574140157309
8.38999999999987 1.10109859724554
8.39999999999987 1.14449830788627
8.40999999999987 1.19580168216682
8.41999999999986 1.25500898895551
8.42999999999986 1.32223607453565
8.43999999999986 1.39769777322637
8.44999999999986 1.48169632851252
8.45999999999986 1.57461346778725
8.46999999999986 1.67690517006452
8.47999999999986 1.78909843511634
8.48999999999986 1.91178954502281
8.49999999999986 2.04564343138841
8.50999999999986 2.19139384033206
8.51999999999986 2.34984403324865
8.52999999999986 2.52186778012701
8.53999999999986 2.708410396179
8.54999999999986 2.91048954078216
8.55999999999986 3.12919543603012
8.56999999999986 3.36569006224817
8.57999999999986 3.62120473593952
8.58999999999986 3.89703525017924
8.59999999999986 4.19453342504506
8.60999999999986 4.51509342469747
8.61999999999986 4.86013046835625
8.62999999999986 5.23104847040717
8.63999999999986 5.62919149577875
8.64999999999986 6.05577140523849
8.65999999999986 6.5117602118924
8.66999999999986 6.99772972648752
8.67999999999986 7.51361188623836
8.68999999999986 8.05833903985058
8.69999999999986 8.62930207632642
8.70999999999986 9.22153302942531
8.71999999999986 9.82647650685229
8.72999999999986 10.4301669943423
8.73999999999986 11.0106057321952
8.74999999999986 11.5342210541723
8.75999999999986 11.9517229399074
8.76999999999986 12.1948639748507
8.77999999999986 12.178110184416
8.78999999999986 11.8125158268397
8.79999999999986 11.0388803791858
8.80999999999986 9.87430229226026
8.81999999999986 8.43983018921297
8.82999999999986 6.92978063535128
8.83999999999986 5.53138884373429
8.84999999999986 4.3579642396967
8.85999999999986 3.43872153051648
8.86999999999986 2.74861738745508
8.87999999999986 2.24218331642337
8.88999999999985 1.874125572897
8.89999999999985 1.60734579964916
8.90999999999985 1.41407603778473
8.91999999999985 1.2744176420573
8.92999999999985 1.17438418368037
8.93999999999985 1.10420516229111
8.94999999999985 1.05705003854654
8.95999999999985 1.0281257674753
8.96999999999985 1.01405584539577
8.97999999999985 1.012457459506
8.98999999999985 1.02165383420185
8.99999999999985 1.04047774398215
9.00999999999985 1.06813639333562
9.01999999999985 1.10411777611965
9.02999999999985 1.14812528803173
9.03999999999985 1.20003177297855
9.04999999999985 1.25984708625283
9.05999999999985 1.32769517108481
9.06999999999985 1.40379791321736
9.07999999999985 1.48846388415648
9.08999999999985 1.58208065231627
9.09999999999985 1.68510972591461
9.10999999999985 1.7980834527246
9.11999999999985 1.92160337891617
9.12999999999985 2.05633968766198
9.13999999999985 2.20303141420907
9.14999999999985 2.36248717777509
9.15999999999985 2.53558618747799
9.16999999999985 2.72327927158311
9.17999999999985 2.92658964550596
9.18999999999985 3.14661306973194
9.19999999999985 3.38451694547771
9.20999999999985 3.64153773929568
9.21999999999985 3.91897589557191
9.22999999999985 4.21818705344234
9.23999999999985 4.54056787873999
9.24999999999985 4.88753406962296
9.25999999999985 5.26048696795955
9.26999999999985 5.66076350613303
9.27999999999985 6.08956162463174
9.28999999999985 6.54782931338576
9.29999999999985 7.03609928534648
9.30999999999985 7.55424179852815
9.31999999999985 8.10109355525654
9.32999999999985 8.67389855778211
9.33999999999985 9.26746470067215
9.34999999999985 9.87289684279819
9.35999999999984 10.4757201422597
9.36999999999984 11.0531884386055
9.37999999999984 11.5706781688161
9.38999999999984 11.9775358990744
9.39999999999984 12.2040316411876
9.40999999999984 12.1636666713109
9.41999999999984 11.768331177886
9.42999999999984 10.9629764416805
9.43999999999984 9.77220810348087
9.44999999999984 8.32462337387144
9.45999999999984 6.81711585802862
9.46999999999984 5.43302819071693
9.47999999999984 4.2788797661914
9.48999999999984 3.37844460527474
9.49999999999984 2.70404850562434
9.50999999999984 2.209697140508
9.51999999999984 1.85055975243284
9.52999999999984 1.59026206895684
9.53999999999984 1.40170247378608
9.54999999999984 1.26550160269773
9.55999999999984 1.16804946389581
9.56999999999984 1.09983976251693
9.57999999999984 1.05422522686743
9.58999999999984 1.02653991956796
9.59999999999984 1.01349610007894
9.60999999999984 1.01277364760172
9.61999999999984 1.02274070989705
9.62999999999984 1.04226280301691
9.63999999999984 1.07057145844666
9.64999999999984 1.10717313916679
9.65999999999984 1.15178560301383
9.66999999999984 1.20429316092779
9.67999999999984 1.26471508870049
9.68999999999984 1.33318330494066
9.69999999999984 1.40992665716268
9.70999999999984 1.49525997841492
9.71999999999984 1.58957662859943
9.72999999999984 1.69334360804283
9.73999999999984 1.80709858453153
9.74999999999984 1.93144834691494
9.75999999999984 2.0670683131014
9.76999999999984 2.21470279353914
9.77999999999984 2.37516575274035
9.78999999999984 2.54934182633662
9.79999999999984 2.73818734133526
9.80999999999984 2.94273105128848
9.81999999999984 3.16407423120113
9.82999999999983 3.40338967019724
9.83999999999983 3.66191893849978
9.84999999999983 3.94096706605076
9.85999999999983 4.24189341740643
9.86999999999983 4.56609702627569
9.87999999999983 4.91499387785495
9.88999999999983 5.28998246495158
9.89999999999983 5.69239218653715
9.90999999999983 6.12340647772319
9.91999999999983 6.5839484447295
9.92999999999983 7.0745104270592
9.93999999999983 7.59489909838736
9.94999999999983 8.14385265248632
9.95999999999983 8.71846389288169
9.96999999999983 9.31331009816115
9.97999999999983 9.91914677811307
9.98999999999983 10.5209759809142
9.99999999999983 11.0952856744167
10.0099999999998 11.6063792084161
