0 7
0.01 8.48467202504763
0.02 9.69281946833849
0.03 10.4377509331792
0.04 10.6649477937485
0.05 10.4403745550691
0.06 9.88932714408392
0.07 9.14075520440043
0.08 8.29901868062896
0.09 7.43757379920165
0.1 6.60310686330485
0.11 5.82245279569756
0.12 5.10893942134487
0.13 4.46722474673735
0.14 3.89667887160104
0.15 3.39363653007694
0.16 2.95285019973409
0.17 2.56840286525646
0.18 2.23426483259098
0.19 1.94461987341001
0.2 1.69404383871027
0.21 1.47759023919194
0.22 1.29081826587867
0.23 1.1297862223372
0.24 0.991025159767506
0.25 0.871502161431748
0.26 0.768579232209938
0.27 0.679971471563573
0.28 0.603706726376346
0.29 0.538087961809265
0.3 0.481658975427043
0.31 0.43317369557819
0.32 0.391569072446258
0.33 0.355941438723333
0.34 0.325526153368823
0.35 0.29968032513201
0.36 0.277868429430936
0.37 0.259650675890547
0.38 0.244674052403832
0.39 0.232666067691104
0.4 0.223431345845281
0.41 0.216851407728789
0.42 0.212888229182596
0.43 0.211592532792185
0.44 0.213118308304573
0.45 0.217745861089233
0.46 0.225916907384752
0.47 0.238287105225314
0.48 0.255804302467232
0.49 0.279825277465495
0.5 0.312290724189882
0.51 0.355988961137225
0.52 0.414954945908981
0.53 0.495074109176827
0.54 0.604989519570421
0.55 0.757436742359635
0.56 0.971119305520252
0.57 1.27309187435227
0.58 1.70110883811725
0.59 2.30410180824966
0.6 3.13647438668471
0.61 4.23915687553352
0.62 5.60254635383328
0.63 7.12323475874229
0.64 8.59480995194629
0.65 9.7712762073487
0.66 10.4749006830534
0.67 10.6622824034561
0.68 10.4066111320424
0.69 9.83520398472965
0.7 9.07572192992347
0.71 8.23007970660462
0.72 7.36936727901942
0.73 6.53842241854679
0.74 5.76278301903797
0.75 5.05492533612753
0.76 4.41897640921357
0.77 3.85399260156071
0.78 3.35613677405666
0.79 2.92007965878753
0.8 2.53987823344895
0.81 2.20951011036257
0.820000000000001 1.92318525739477
0.830000000000001 1.67551545512607
0.840000000000001 1.46159415824533
0.850000000000001 1.27702102821313
0.860000000000001 1.11789331816258
0.870000000000001 0.980778384648537
0.880000000000001 0.862676435179002
0.890000000000001 0.760979246923608
0.900000000000001 0.673428391234543
0.910000000000001 0.598075067232266
0.920000000000001 0.533242722616927
0.930000000000001 0.477493048960369
0.940000000000001 0.429595569025049
0.950000000000001 0.388500810777683
0.960000000000001 0.353316937779495
0.970000000000001 0.323289646544699
0.980000000000001 0.297785127761215
0.990000000000001 0.276275907510609
1 0.258329430332506
1.01 0.24359931657876
1.02 0.231819325076378
1.03 0.222800186975997
1.04 0.216429662894998
1.05 0.212676437844179
1.06 0.21159884633832
1.07 0.21335997562077
1.08 0.218251525964455
1.09 0.226730068200653
1.1 0.239471274491915
1.11 0.25745069409175
1.12 0.282064301056919
1.13 0.315309264459212
1.14 0.360056485532725
1.15 0.420463050840644
1.16 0.502596251159841
1.17 0.615370089105104
1.18 0.771919847084434
1.19 0.9915229124775
1.2 1.30200999452838
1.21 1.74205679476811
1.22 2.36136750281572
1.23 3.21419726289118
1.24 4.33903689567575
1.25 5.72026523434523
1.26 7.24578114323733
1.27 8.70266908010793
1.28 9.84638496486893
1.29 10.5085725276175
1.3 10.6567722036622
1.31 10.3709454987335
1.32 9.78007236694425
1.33 9.0103679112457
1.34 8.16128358365437
1.35 7.30158363910395
1.36 6.47430913551736
1.37 5.70374528932495
1.38 5.00154954275561
1.39 4.37134043659184
1.4 3.81187534665481
1.41 3.31915463822765
1.42 2.88777308282731
1.43 2.5117650882077
1.44 2.18511750058535
1.45 1.90206745541805
1.46 1.65726303946519
1.47 1.44583766744878
1.48 1.26343127768513
1.49 1.10617976614909
1.5 0.970686435845806
1.51 0.853984245262417
1.52 0.753494378997807
1.53 0.666984536870624
1.54 0.592528955032585
1.55 0.528471279572068
1.56 0.473390843378491
1.57 0.426072541379518
1.58 0.385480285731038
1.59 0.35073390381147
1.6 0.321089287035803
1.61 0.295921587805219
1.62 0.274711283431399
1.63 0.257032973563884
1.64 0.242546850300329
1.65 0.230992881238941
1.66 0.22218788401816
1.67 0.216025862113556
1.68 0.212482241547775
1.69 0.211623037557475
1.7 0.213620553523835
1.71 0.218778073113134
1.72 0.227567310987442
1.73 0.240684391208192
1.74 0.259133224790508
1.75 0.284349979363098
1.76 0.31838981226155
1.77 0.36420850805303
1.78 0.42608877646663
1.79 0.510285030361739
1.8 0.625989954179853
1.81 0.786749406801055
1.82 1.01242829894504
1.83 1.33164633610765
1.84 1.78400108284018
1.85 2.41992995811658
1.86 3.29341501958302
1.87 4.44026677345064
1.88 5.8385726017731
1.89 7.36751370250164
1.9 8.80814915496597
1.91 9.91812042574607
1.92 10.5388164269901
1.93 10.6485054174029
1.94 10.333466883517
1.95 9.72400306599712
1.96 8.94474130603198
1.97 8.09265910497228
1.98 7.23423750193532
1.99 6.41077217806537
2 5.64533887806551
2.01 4.94880789272788
2.02 4.32431088811941
2.03 3.77032040633203
2.04 3.28268329434441
2.05 2.8559238861093
2.06 2.48405728843728
2.07 2.16108140303217
2.08 1.88126143897267
2.09 1.63928212667201
2.1 1.43031683466193
2.11 1.25004557298151
2.12 1.09464256888993
2.13 0.960746712226434
2.14 0.845423340916335
2.15 0.746122685206204
2.16 0.660638233697084
2.17 0.587066948334298
2.18 0.523772393374735
2.19 0.469351294076941
2.2 0.422603698754983
2.21 0.38250671332452
2.22 0.348191664784604
2.23 0.318924499358782
2.24 0.294089213233064
2.25 0.273174137586044
2.26 0.255760949262345
2.27 0.241516353157832
2.28 0.230186486016108
2.29 0.221594233135345
2.29999999999999 0.215639845844605
2.30999999999999 0.212305525228252
2.31999999999999 0.211665038801782
2.32999999999999 0.21390002840642
2.33999999999999 0.219325554737669
2.34999999999999 0.228428772986505
2.35999999999999 0.241926707980945
2.36999999999999 0.260852309662229
2.37999999999999 0.286682962807594
2.38999999999999 0.321533365659693
2.39999999999999 0.368446547048712
2.40999999999999 0.431834424583835
2.41999999999999 0.518143925288153
2.42999999999999 0.636854333460667
2.43999999999999 0.801933118148038
2.44999999999999 1.03384641319962
2.45999999999999 1.36201537122984
2.46999999999999 1.8269580559525
2.47999999999999 2.47980109026306
2.48999999999999 3.3741209090648
2.49999999999999 4.54280049090974
2.50999999999999 5.95737163953967
2.51999999999999 7.48830789431793
2.52999999999999 8.91115564907066
2.53999999999999 9.98646436439775
2.54999999999999 10.5656866482428
2.55999999999999 10.6375708191785
2.56999999999999 10.2942627637463
2.57999999999999 9.66706445358638
2.58999999999999 8.87888813127365
2.59999999999999 8.02423347306578
2.60999999999999 7.16734242721316
2.61999999999999 6.34781605578242
2.62999999999999 5.58756268810045
2.63999999999999 4.89669605693808
2.64999999999999 4.27788176094599
2.65999999999999 3.72932108947865
2.66999999999999 3.24671596441999
2.67999999999999 2.82452555434542
2.68999999999999 2.45674877342765
2.69999999999999 2.13739629932079
2.70999999999999 1.8607622584821
2.71999999999999 1.62156832531085
2.72999999999999 1.41502779490452
2.73999999999999 1.23686053311289
2.74999999999999 1.08327878255486
2.75999999999999 0.950956659842993
2.76999999999998 0.836991512666088
2.77999999999998 0.73886225827599
2.78999999999998 0.654387838123079
2.79999999999998 0.581687632657751
2.80999999999998 0.519144847981537
2.81999999999998 0.465373356471157
2.82999999999998 0.419188144471624
2.83999999999998 0.379579324347327
2.84999999999998 0.345689561332835
2.85999999999998 0.316794718889414
2.86999999999998 0.292287521320078
2.87999999999998 0.271664058345453
2.88999999999998 0.25451300795314
2.89999999999998 0.240507530632883
2.90999999999998 0.229399894340772
2.91999999999998 0.221019034938007
2.92999999999998 0.215271458491912
2.93999999999998 0.212146177414232
2.94999999999998 0.211724785843516
2.95999999999998 0.214198390129131
2.96999999999998 0.219894026856888
2.97999999999998 0.229314596037268
2.98999999999998 0.243198483445753
2.99999999999998 0.262608372260875
3.00999999999998 0.289063914238194
3.01999999999998 0.324740941492914
3.02999999999998 0.372772149614539
3.03999999999998 0.437702340951129
3.04999999999998 0.526176480542949
3.05999999999998 0.647968540909197
3.06999999999998 0.817478803195515
3.07999999999998 1.05578833561441
3.08999999999998 1.39313161961321
3.09999999999998 1.87094379326029
3.10999999999998 2.54099176186488
3.11999999999998 3.45630581922333
3.12999999999998 4.6465885079115
3.13999999999998 6.07656283859907
3.14999999999998 7.60804049187526
3.15999999999998 9.01159997735941
3.16999999999998 10.0514054588811
3.17999999999998 10.5892413983354
3.18999999999998 10.6240574706804
3.19999999999998 10.2534187757945
3.20999999999998 9.60932251919736
3.21999999999998 8.81285232455322
3.22999999999998 7.95603236167112
3.23999999999997 7.10091096070165
3.24999999999997 6.28544465834689
3.25999999999997 5.53041527615077
3.26999999999997 4.84520953972204
3.27999999999997 4.23204699841519
3.28999999999997 3.6888707189551
3.29999999999997 3.21124592287966
3.30999999999997 2.79357164538581
3.31999999999997 2.42983356265786
3.32999999999997 2.11405675222033
3.33999999999997 1.84056504235138
3.34999999999997 1.60411731651216
3.35999999999997 1.39996674928953
3.36999999999997 1.22387283638774
3.37999999999997 1.0720855159345
3.38999999999997 0.941313771062235
3.39999999999997 0.828686591545589
3.40999999999997 0.731711226192988
3.41999999999997 0.648231737129577
3.42999999999997 0.576389619950915
3.43999999999997 0.514587450139034
3.44999999999997 0.461456005591604
3.45999999999997 0.415824998706137
3.46999999999997 0.376697364057269
3.47999999999997 0.343226946498064
3.48999999999997 0.314699391638197
3.49999999999997 0.290516038454732
3.50999999999997 0.270180641892463
3.51999999999997 0.25328880686594
3.52999999999997 0.239520093975975
3.53999999999997 0.228632866134807
3.54999999999997 0.220462094391321
3.55999999999997 0.214920548323198
3.56999999999997 0.212004090159464
3.57999999999997 0.211802217816749
3.58999999999997 0.214515631972603
3.59999999999997 0.220483549270084
3.60999999999997 0.230224926556872
3.61999999999997 0.244499982269363
3.62999999999997 0.264401844633001
3.63999999999997 0.29149350901897
3.64999999999997 0.328013575552604
3.65999999999997 0.377186891883912
3.66999999999997 0.443694915724396
3.67999999999997 0.534386307341896
3.68999999999997 0.659337986023602
3.69999999999997 0.833394408245735
3.70999999999996 1.07826527287714
3.71999999999996 1.42500963114057
3.72999999999996 1.9159740583752
3.73999999999996 2.603511707821
3.74999999999996 3.5399581912813
3.75999999999996 4.75157777896203
3.76999999999996 6.19604424936389
3.77999999999996 7.72658998374962
3.78999999999996 9.10939967812283
3.79999999999996 10.1129390805359
3.80999999999996 10.609542462207
3.81999999999996 10.6080544744523
3.82999999999996 10.2110186384661
3.83999999999996 9.5508408968292
3.84999999999996 8.74667580570765
3.85999999999996 7.88807997616674
3.86999999999996 7.03495468128834
3.87999999999996 6.22366128838234
3.88999999999996 5.47389487428526
3.89999999999996 4.7943436921736
3.90999999999996 4.1868004978813
3.91999999999996 3.64896263583434
3.92999999999996 3.17626649853393
3.93999999999996 2.7630557897961
3.94999999999996 2.40330575554361
3.95999999999996 2.09105740493221
3.96999999999996 1.82066499601123
3.97999999999996 1.58692485292282
3.98999999999996 1.38512996396686
3.99999999999996 1.21107921940001
4.00999999999996 1.06105992949954
4.01999999999996 0.931815583708733
4.02999999999996 0.820506448329204
4.03999999999996 0.724667751520026
4.04999999999996 0.642168347669368
4.05999999999996 0.5711715480645
4.06999999999996 0.510099028926741
4.07999999999996 0.45759823568736
4.08999999999996 0.412513398148845
4.09999999999996 0.373860091884818
4.10999999999996 0.340803185475099
4.11999999999996 0.312637974030748
4.12999999999996 0.28877429994964
4.13999999999996 0.268723492059147
4.14999999999996 0.252088009794684
4.15999999999996 0.238553760085589
4.16999999999996 0.227885166204636
4.17999999999996 0.219923220724818
4.18999999999996 0.214586967391922
4.19999999999995 0.211879158975353
4.20999999999995 0.211897277159877
4.21999999999995 0.214851750590174
4.22999999999995 0.221094185521363
4.23999999999995 0.231159915519868
4.24999999999995 0.245831475151766
4.25999999999995 0.26623316735438
4.26999999999995 0.293972435120942
4.27999999999995 0.331352322755192
4.28999999999995 0.381692379317321
4.29999999999995 0.449814583877011
4.30999999999995 0.542777083989016
4.31999999999995 0.670968173983315
4.32999999999995 0.849688002394326
4.33999999999995 1.10128855165445
4.34999999999995 1.45766396732681
4.35999999999995 1.9620642565858
4.36999999999995 2.66736946023146
4.37999999999995 3.62506394211296
4.38999999999995 4.85771178501149
4.39999999999995 6.31571174958399
4.40999999999995 7.84383696454378
4.41999999999995 9.20447855947445
4.42999999999995 10.171067061928
4.43999999999995 10.6266548478522
4.44999999999995 10.5896507452879
4.45999999999995 10.1671440889009
4.46999999999995 9.49168089646243
4.47999999999995 8.68039853862945
4.48999999999995 7.82039911243722
4.49999999999995 6.96948424629219
4.50999999999995 6.16246869288268
4.51999999999995 5.41799941035478
4.52999999999995 4.74409372476343
4.53999999999995 4.14213611807474
4.54999999999995 3.60959020335772
4.55999999999995 3.14177107638057
4.56999999999995 2.73297169133635
4.57999999999995 2.37715953113256
4.58999999999995 2.06839298034762
4.59999999999995 1.80105740095647
4.60999999999995 1.56998675766151
4.61999999999995 1.37051376907771
4.62999999999995 1.19847647603044
4.63999999999995 1.05019923447473
4.64999999999995 0.922459680223262
4.65999999999995 0.812448992777666
4.66999999999994 0.717730030728329
4.67999999999994 0.636196116078894
4.68999999999994 0.566032080237663
4.69999999999994 0.505678435309526
4.70999999999994 0.453799059837964
4.71999999999994 0.40925249566803
4.72999999999994 0.371066781143421
4.73999999999994 0.338417655362027
4.74999999999994 0.310609932692873
4.75999999999994 0.287061849856574
4.76999999999994 0.267292220167555
4.77999999999994 0.250910286960349
4.78999999999994 0.237608251389795
4.79999999999994 0.227156564138877
4.80999999999994 0.219402227343753
4.81999999999994 0.214270571460479
4.82999999999994 0.211771282764615
4.83999999999994 0.212009909558971
4.84999999999994 0.215206745961107
4.85999999999994 0.221726002864252
4.86999999999994 0.232119718437868
4.87999999999994 0.247193238827865
4.88999999999994 0.26810278956576
4.89999999999994 0.296501393211128
4.90999999999994 0.334758257311976
4.91999999999994 0.386290246984161
4.92999999999994 0.456063825604444
4.93999999999994 0.55135255631276
4.94999999999994 0.682864705691513
4.95999999999994 0.866367775839566
4.96999999999994 1.12486961168004
4.97999999999994 1.49110918164325
4.98999999999994 2.00922939040951
4.99999999999994 2.73257227268709
5.00999999999994 3.71160639176049
5.01999999999994 4.96493058063268
5.02999999999994 6.43545932678408
5.03999999999994 7.95966451360801
5.04999999999994 9.29676681145302
5.05999999999994 10.2257974458307
5.06999999999994 10.6406464400028
5.07999999999994 10.5689347990598
5.08999999999994 10.1218748301084
5.09999999999994 9.43190153968391
5.10999999999994 8.61405859297303
5.11999999999994 7.75301121415207
5.12999999999994 6.90450943505801
5.13999999999993 6.10186909325561
5.14999999999993 5.36272652743777
5.15999999999993 4.6944547192933
5.16999999999993 4.09804768603872
5.17999999999993 3.57074681062314
5.18999999999993 3.10775309924552
5.19999999999993 2.70331312734768
5.20999999999993 2.3513891477513
5.21999999999993 2.04605828028415
5.22999999999993 1.78173761378022
5.23999999999993 1.55329892327952
5.24999999999993 1.35611455772006
5.25999999999993 1.18606145646164
5.26999999999993 1.03950069192746
5.27999999999993 0.913243686835751
5.28999999999993 0.804512172897872
5.29999999999993 0.710896293541752
5.30999999999993 0.63031351750173
5.31999999999993 0.560969904594141
5.32999999999993 0.501324541699241
5.33999999999993 0.450057509573369
5.34999999999993 0.406041459981343
5.35999999999993 0.368316718745981
5.36999999999993 0.33606974491591
5.37999999999993 0.308614744240242
5.38999999999993 0.285378240785416
5.39999999999993 0.265886444873831
5.40999999999993 0.249755314876605
5.41999999999993 0.236683295730275
5.42999999999993 0.226446834208033
5.43999999999993 0.218898931742167
5.44999999999993 0.213971219924778
5.45999999999993 0.211680363756003
5.46999999999993 0.212140063891934
5.47999999999993 0.21558062134433
5.48999999999993 0.222379072226541
5.49999999999993 0.233104495339092
5.50999999999993 0.248585556068676
5.51999999999993 0.270011169007654
5.52999999999993 0.299081096739846
5.53999999999993 0.338232472895573
5.54999999999993 0.390982159837279
5.55999999999993 0.462445166711656
5.56999999999993 0.560116538059147
5.57999999999993 0.695033277709073
5.58999999999993 0.883442037926781
5.59999999999993 1.14901999824406
5.60999999999992 1.52535979867676
5.61999999999992 2.05748401351751
5.62999999999992 2.79912604421554
5.63999999999992 3.799566196795
5.64999999999992 5.07317085691032
5.65999999999992 6.55517937371728
5.66999999999992 8.0739585593957
5.67999999999992 9.38620108419124
5.68999999999992 10.2771442179672
5.69999999999992 10.6515876638216
5.70999999999992 10.5459945585795
5.71999999999992 10.0752884892868
5.72999999999992 9.37155959892709
5.73999999999992 8.54769220556001
5.74999999999992 7.68593642843389
5.75999999999992 6.84003919087769
5.76999999999992 6.04186421403489
5.77999999999992 5.30807360233938
5.78999999999992 4.64542164021717
5.79999999999992 4.05452900365858
5.80999999999992 3.53242587601955
5.81999999999992 3.07420606927155
5.82999999999992 2.67407394905232
5.83999999999992 2.3259889426072
5.84999999999992 2.02404818470328
5.85999999999992 1.76270106520496
5.86999999999992 1.53685731072782
5.87999999999992 1.34192878492539
5.88999999999992 1.17383106620688
5.89999999999992 1.02896161187103
5.90999999999992 0.904165272752637
5.91999999999992 0.796693974216313
5.92999999999992 0.704164802293592
5.93999999999992 0.62451905532347
5.94999999999992 0.555983733648576
5.95999999999992 0.497036241525371
5.96999999999992 0.446372634501828
5.97999999999992 0.402879475334138
5.98999999999992 0.365609204927336
5.99999999999992 0.333758854313678
6.00999999999992 0.306651895072525
6.01999999999992 0.283723033726969
6.02999999999992 0.264505792015618
6.03999999999992 0.248622776218265
6.04999999999992 0.235778626248727
6.05999999999992 0.225755755266175
6.06999999999992 0.218413155417594
6.07999999999991 0.213688775740152
6.08999999999991 0.211606307440072
6.09999999999991 0.212287692173405
6.10999999999991 0.215973383232647
6.11999999999991 0.223053468175283
6.12999999999991 0.234114410747769
6.13999999999991 0.250008715681973
6.14999999999991 0.271958772054037
6.15999999999991 0.301712272026022
6.16999999999991 0.341776082802588
6.17999999999991 0.395769812979562
6.18999999999991 0.468961178981861
6.19999999999991 0.569072911238792
6.20999999999991 0.707479682073428
6.21999999999991 0.900919214914635
6.22999999999991 1.17375135406159
6.23999999999991 1.56043029210415
6.24999999999991 2.10684218308458
6.25999999999991 2.86703524318359
6.26999999999991 3.8889212901658
6.27999999999991 5.18236602026295
6.28999999999991 6.67476299515459
6.29999999999991 8.18660822716567
6.30999999999991 9.47272453287098
6.31999999999991 10.3251270261887
6.32999999999991 10.6595511598145
6.33999999999991 10.5209171760085
6.34999999999991 10.0274605861099
6.35999999999991 9.31070963982618
6.36999999999991 8.48133384130111
6.37999999999991 7.61919365989968
6.38999999999991 6.77608166127939
6.39999999999991 5.98245531031116
6.40999999999991 5.25403776318551
6.41999999999991 4.59698934535888
6.42999999999991 4.011573853804
6.43999999999991 3.49462085042133
6.44999999999991 3.04112354926349
6.45999999999991 2.64524808177237
6.46999999999991 2.30095333134877
6.47999999999991 2.00235765091106
6.48999999999991 1.74394325911164
6.49999999999991 1.52065794833081
6.50999999999991 1.32795296664696
6.51999999999991 1.16178226515265
6.52999999999991 1.01857935238232
6.53999999999991 0.895222149358439
6.5499999999999 0.788992419065952
6.5599999999999 0.697533851295792
6.5699999999999 0.618811260617815
6.5799999999999 0.551072303822846
6.5899999999999 0.492812448814541
6.5999999999999 0.442743501945539
6.6099999999999 0.399765741184579
6.6199999999999 0.362943552972625
6.6299999999999 0.331484394918112
6.6399999999999 0.304720881171924
6.6499999999999 0.28209579787951
6.6599999999999 0.263149894462672
6.6699999999999 0.247512359692467
6.6799999999999 0.234893981275574
6.6899999999999 0.225083110654557
6.6999999999999 0.217944723787373
6.7099999999999 0.21342310534856
6.7199999999999 0.211549022505962
6.7299999999999 0.212452749500403
6.7399999999999 0.216385041307383
6.7499999999999 0.223749268881943
6.7599999999999 0.235149633663322
6.7699999999999 0.251463012512312
6.7799999999999 0.273946073744843
6.7899999999999 0.304395658340345
6.7999999999999 0.345390220112203
6.8099999999999 0.400654931921886
6.8199999999999 0.475614480525244
6.8299999999999 0.578225626424763
6.8399999999999 0.720209805995701
6.8499999999999 0.918807847449995
6.8599999999999 1.19907541049829
6.8699999999999 1.59633506146566
6.8799999999999 2.15731741062764
6.8899999999999 2.93630283147755
6.8999999999999 3.97964682817659
6.9099999999999 5.2924462873067
6.9199999999999 6.79410032421054
6.9299999999999 8.2975061679255
6.9399999999999 9.55628683044824
6.9499999999999 10.3697708886903
6.9599999999999 10.6646114709714
6.9699999999999 10.4937888712745
6.9799999999999 9.97846451018942
6.9899999999999 9.2494040662215
6.9999999999999 8.41501625347441
7.00999999999989 7.55280062306752
7.01999999999989 6.71264423672785
7.02999999999989 5.92364319392978
7.03999999999989 5.20061590615127
7.04999999999989 4.549152596055
7.05999999999989 3.96917600610368
7.06999999999989 3.45732522015516
7.07999999999989 3.00849916389795
7.08999999999989 2.61682952507263
7.09999999999989 2.27627680758748
7.10999999999989 1.98098171274351
7.11999999999989 1.7254597715677
7.12999999999989 1.50469693076741
7.13999999999989 1.31418367875974
7.14999999999989 1.14991206661502
7.15999999999989 1.00835131873375
7.16999999999989 0.886412069431365
7.17999999999989 0.781405565886339
7.18999999999989 0.691001766220304
7.19999999999989 0.613188691603654
7.20999999999989 0.546234374972204
7.21999999999989 0.488652097778673
7.22999999999989 0.439169196583889
7.23999999999989 0.396699471895371
7.24999999999989 0.360319088951404
7.25999999999989 0.329245789048791
7.26999999999989 0.302821207905974
7.27999999999989 0.280496110479033
7.28999999999989 0.261818391970626
7.29999999999989 0.24642375991253
7.30999999999989 0.234029104220932
7.31999999999989 0.224428688107131
7.32999999999989 0.217493466106515
7.33999999999989 0.213174078607044
7.34999999999989 0.211508420779136
7.35999999999989 0.212635193998638
7.36999999999989 0.216815608393442
7.37999999999989 0.224466556087625
7.38999999999989 0.236210337539288
7.39999999999989 0.252948747440346
7.40999999999989 0.275973557817129
7.41999999999989 0.307132007986044
7.42999999999989 0.34907603784027
7.43999999999989 0.405639272831676
7.44999999999989 0.482407736106084
7.45999999999989 0.587578702997982
7.46999999999989 0.733229631429196
7.47999999999988 0.937116587737703
7.48999999999988 1.22500397813158
7.49999999999988 1.63308840772458
7.50999999999988 2.20892261140823
7.51999999999988 3.00693018930353
7.52999999999988 4.07171514521525
7.53999999999988 5.40333879575023
7.54999999999988 6.91308084630155
7.55999999999988 8.40654886671186
7.56999999999988 9.63684414937006
7.57999999999988 10.4111058937756
7.58999999999988 10.6668447429612
7.59999999999988 10.4646947858951
7.60999999999988 9.92837150695195
7.61999999999988 9.18769316739055
7.62999999999988 8.34877054322054
7.63999999999988 7.48677389312763
7.64999999999988 6.64973358777966
7.65999999999988 5.86542825850325
7.66999999999988 5.14780471136202
7.67999999999988 4.50190606675022
7.68999999999988 3.92732922237076
7.69999999999988 3.42053250975154
7.70999999999988 2.97632660080546
7.71999999999988 2.58881235283204
7.72999999999988 2.25195394238395
7.73999999999988 1.95991547973876
7.74999999999988 1.70724624985519
7.75999999999988 1.48897041805975
7.76999999999988 1.30061755607223
7.77999999999988 1.13821753640966
7.78999999999988 0.998274962539589
7.79999999999988 0.877732826372774
7.80999999999988 0.773931508536734
7.81999999999988 0.684566903492404
7.82999999999988 0.607649933112922
7.83999999999988 0.541468729921018
7.84999999999988 0.484554142411638
7.85999999999988 0.435648820104144
7.86999999999988 0.393679896431974
7.87999999999988 0.357735151457379
7.88999999999988 0.327042469757899
7.89999999999988 0.300952389834531
7.90999999999988 0.27892355663306
7.91999999999988 0.260510931037807
7.92999999999988 0.245356677274416
7.93999999999988 0.23318374346778
7.94999999999987 0.223792279657885
7.95999999999987 0.217059215387089
7.96999999999987 0.212941568717407
7.97999999999987 0.211484417160052
7.98999999999987 0.212834986769485
7.99999999999987 0.217265100414702
8.00999999999987 0.225205415068351
8.01999999999987 0.237296700261919
8.02999999999987 0.254466227381345
8.03999999999987 0.278041716734779
8.04999999999987 0.309922086377075
8.05999999999987 0.352834709088525
8.06999999999987 0.410724622771329
8.07999999999987 0.489343657446736
8.08999999999987 0.597136229336832
8.09999999999987 0.746545234502162
8.10999999999987 0.955854196391505
8.11999999999987 1.25154893662649
8.12999999999987 1.67070450760388
8.13999999999987 2.26167005248662
8.14999999999987 3.07891704096953
8.15999999999987 4.16509571684667
8.16999999999987 5.51496773118664
8.17999999999987 7.03159372875032
8.18999999999987 8.51363692852349
8.19999999999987 9.71435911371671
8.20999999999987 10.449166893563
8.21999999999987 10.6663284380323
8.22999999999987 10.4337188515636
8.23999999999987 9.87725067120391
8.24999999999987 9.12562516711476
8.25999999999987 8.28262621813367
8.26999999999987 7.42112895508395
8.27999999999987 6.58735570073827
8.28999999999987 5.80781050328449
8.29999999999987 5.0956006580038
8.30999999999987 4.45524435407148
8.31999999999987 3.88602726169697
8.32999999999987 3.38423628449254
8.33999999999987 2.94459961153233
8.34999999999987 2.56119071324866
8.35999999999987 2.22797938370164
8.36999999999987 1.93915413629735
8.37999999999987 1.68929841149975
8.38999999999987 1.47347463457016
8.39999999999987 1.28725129135025
8.40999999999987 1.12669579193565
8.41999999999986 0.988347780916201
8.42999999999986 0.869182253450335
8.43999999999986 0.766568375622077
8.44999999999986 0.678227649695759
8.45999999999986 0.602193596069051
8.46999999999986 0.536774174007949
8.47999999999986 0.480517556094221
8.48999999999986 0.432181490859411
8.49999999999986 0.390706258067171
8.50999999999986 0.355191091353659
8.51999999999986 0.324873880610792
8.52999999999986 0.299113950520854
8.53999999999986 0.277377729157984
8.54999999999986 0.259227164765059
8.55999999999986 0.244310817835735
8.56999999999986 0.232357652267277
8.57999999999986 0.223173681549994
8.58999999999986 0.216641808319077
8.59999999999986 0.212725452157061
8.60999999999986 0.211476929563735
8.61999999999986 0.213052091837574
8.62999999999986 0.217733536349754
8.63999999999986 0.225965934600331
8.64999999999986 0.238408904128391
8.65999999999986 0.256015765282848
8.66999999999986 0.280151051716629
8.67999999999986 0.312766672113511
8.68999999999986 0.356667427188556
8.69999999999986 0.415912799925731
8.70999999999986 0.496425003506853
8.71999999999986 0.606902362947544
8.72999999999986 0.760162784807625
8.73999999999986 0.975029538952255
8.74999999999986 1.27872222390566
8.75999999999986 1.70919738669499
8.76999999999986 2.31557129952852
8.77999999999986 3.15226138202957
8.78999999999986 4.2597551318543
8.79999999999986 5.62725446952083
8.80999999999986 7.14952815398775
8.81999999999986 8.61867534045596
8.82999999999986 9.78880072338728
8.83999999999986 10.4839931939003
8.84999999999986 10.6631410631072
8.85999999999986 10.4009436728269
8.86999999999986 9.82516894768977
8.87999999999986 9.06324627422521
8.88999999999985 8.21661124984439
8.89999999999985 7.35588025127711
8.90999999999985 6.52551591185359
8.91999999999985 5.75078955594598
8.92999999999985 5.04400003867823
8.93999999999985 4.40916198540569
8.94999999999985 3.84526388523192
8.95999999999985 3.34843015276662
8.96999999999985 2.91331201238929
8.97999999999985 2.53395882878233
8.98999999999985 2.20434785583025
8.99999999999985 1.91869294083245
9.00999999999985 1.67161204330129
9.01999999999985 1.45820586800661
9.02999999999985 1.27408163435295
9.03999999999985 1.11534400127291
9.04999999999985 0.97856731565637
9.05999999999985 0.860758223054663
9.06999999999985 0.759314329831563
9.07999999999985 0.671982420989031
9.08999999999985 0.596818316975804
9.09999999999985 0.532149534640355
9.10999999999985 0.476541331207231
9.11999999999985 0.428766343533751
9.12999999999985 0.387777814091836
9.13999999999985 0.352686271523378
9.14999999999985 0.322739475471209
9.15999999999985 0.297305422346683
9.16999999999985 0.275858228419821
9.17999999999985 0.257966752718489
9.18999999999985 0.243285893197243
9.19999999999985 0.231550588636182
9.20999999999985 0.222572694146716
9.21999999999985 0.216241085192677
9.22999999999985 0.21252560861103
9.23999999999985 0.211485878860214
9.24999999999985 0.213286476098952
9.25999999999985 0.218220938187923
9.26999999999985 0.226748206925198
9.27999999999985 0.23954713582459
9.28999999999985 0.257597680121367
9.29999999999985 0.28230207276288
9.30999999999985 0.315666557053905
9.31999999999985 0.360575405840084
9.32999999999985 0.421205653818052
9.33999999999985 0.503654580736187
9.34999999999985 0.616881330531793
9.35999999999984 0.774088544542859
9.36999999999984 0.994651582059418
9.37999999999984 1.30653582459416
9.38999999999984 1.74858089133815
9.39999999999984 2.37063716247845
9.40999999999984 3.22695940818741
9.41999999999984 4.35565707378579
9.42999999999984 5.7401177346416
9.43999999999984 7.26677365426259
9.44999999999984 8.72157370883037
9.45999999999984 9.86014425210143
9.46999999999984 10.5156282426115
9.47999999999984 10.65736191241
9.48999999999984 10.366450423157
9.49999999999984 9.77219113798556
9.50999999999984 9.00060073430253
9.51999999999984 8.15075213050615
9.52999999999984 7.29104122730506
9.53999999999984 6.46421894011138
9.54999999999984 5.69436469430846
9.55999999999984 4.99299897303581
9.56999999999984 4.36365342700485
9.57999999999984 3.80503286066367
9.58999999999984 3.31310776824098
9.59999999999984 2.88245768519323
9.60999999999984 2.5071109960391
9.61999999999984 2.18105415878156
9.62999999999984 1.89852722491115
9.63999999999984 1.65418300036722
9.64999999999984 1.44316046843706
9.65999999999984 1.26110539088095
9.66999999999984 1.10415938229325
9.67999999999984 0.968931152417345
9.68999999999984 0.852458645969246
9.69999999999984 0.752167567289618
9.70999999999984 0.665829662533794
9.71999999999984 0.591522757416277
9.72999999999984 0.527593660857739
9.73999999999984 0.47262447875257
9.74999999999984 0.425402528814238
9.75999999999984 0.384893835531777
9.76999999999984 0.350220066625577
9.77999999999984 0.320638718291016
9.78999999999984 0.295526346331218
9.79999999999984 0.274364662178313
9.80999999999984 0.256729360795065
9.81999999999984 0.242281620386758
9.82999999999983 0.230762315256308
9.83999999999983 0.221989121843979
9.84999999999983 0.215856889821983
9.85999999999983 0.212341920905046
9.86999999999983 0.211511188815776
9.87999999999983 0.213538109269807
9.88999999999983 0.218727330885525
9.89999999999983 0.227552327715151
9.90999999999983 0.240711586402382
9.91999999999983 0.259212296898038
9.92999999999983 0.284495298679646
9.93999999999983 0.318622546384386
9.94999999999983 0.364559879243133
9.95999999999983 0.426605065512968
9.96999999999983 0.511035243299202
9.97999999999983 0.627077427987828
9.98999999999983 0.788328867490903
9.99999999999983 1.01472938926178
10.0099999999998 1.33500175772034
