10 7
8.58423235281855 8.48467202504763
7.07302642986297 9.69281946833849
5.6578483802089 10.4377509331792
4.46048681142653 10.6649477937485
3.51733146266623 10.4403745550691
2.80699883101931 9.88932714408392
2.28489089538911 9.14075520440043
1.90521424248424 8.29901868062896
1.62997414861957 7.43757379920165
1.43055253422457 6.60310686330485
1.28637970250975 5.82245279569756
1.18297957558585 5.10893942134487
1.11023677689631 4.46722474673735
1.06108109692748 3.89667887160104
1.03055312231813 3.39363653007694
1.01516014684353 2.95285019973409
1.01243731013443 2.56840286525646
1.02064908582311 2.23426483259098
1.03858547769426 1.94461987341001
1.06542196225698 1.69404383871027
1.1006224963716 1.47759023919194
1.1438718342889 1.29081826587867
1.19502798548059 1.1297862223372
1.25408866580386 0.991025159767506
1.32116758619197 0.871502161431748
1.39647774213028 0.768579232209938
1.48031974661551 0.679971471563573
1.57307383994001 0.603706726376346
1.6751946090004 0.538087961809265
1.78720772002516 0.481658975427043
1.90970815259002 0.43317369557819
2.04335954606838 0.391569072446258
2.1888943492555 0.355941438723333
2.34711451036283 0.325526153368823
2.51889246383956 0.29968032513201
2.70517216488974 0.277868429430936
2.90696989126743 0.259650675890547
3.12537447077655 0.244674052403832
3.36154649368189 0.232666067691104
3.61671591833179 0.223431345845281
3.89217725425778 0.216851407728789
4.18928117666614 0.212888229182596
4.50942093837014 0.211592532792185
4.85401122057137 0.213118308304573
5.22445597914291 0.217745861089233
5.62210020522884 0.225916907384752
6.04815802506638 0.238287105225314
6.5036057381567 0.255804302467232
6.98902249249827 0.279825277465495
7.50435218009016 0.312290724189882
8.04854611665681 0.355988961137225
8.61902483445844 0.414954945908981
9.21086625969053 0.495074109176827
9.81558546423037 0.604989519570421
10.4193238931897 0.757436742359635
11.0002418492345 0.971119305520252
11.524995170768 1.27309187435227
11.9445955343404 1.70110883811725
12.1911375015073 2.30410180824966
12.1793420266862 3.13647438668471
11.8201589439218 4.23915687553352
11.0535757165131 5.60254635383328
9.89510022622488 7.12323475874229
8.46406394285276 8.59480995194629
6.9540501893166 9.7712762073487
5.55298935610298 10.4749006830534
4.37562268842486 10.6622824034561
3.45238811531335 10.4066111320424
2.75887689742966 9.83520398472965
2.24978325440477 9.07572192992347
1.87974073596365 8.23007970660462
1.61150686968145 7.36936727901942
1.41717401836461 6.53842241854679
1.27673197177885 5.76278301903797
1.17611219121463 5.05492533612753
1.10548593051248 4.41897640921357
1.05798192043604 3.85399260156071
1.0287786863333 3.35613677405666
1.01447976961125 2.92007965878753
1.01268820766843 2.53987823344895
1.02171705724212 2.20951011036257
1.04039167158804 1.92318525739477
1.06791374206127 1.67551545512607
1.10376708563291 1.46159415824533
1.14765186396099 1.27702102821313
1.19943835636153 1.11789331816258
1.25913433083609 0.980778384648537
1.32686198395908 0.862676435179002
1.4028416970491 0.760979246923608
1.48738070767664 0.673428391234543
1.58086536785652 0.598075067232266
1.68375604740426 0.533242722616927
1.79658400387214 0.477493048960369
1.91994971877036 0.429595569025049
2.05452231903575 0.388500810777683
2.20103977933182 0.353316937779495
2.36030964488032 0.323289646544699
2.53321003175557 0.297785127761215
2.72069065400465 0.276275907510609
2.92377359348631 0.258329430332506
3.14355346449083 0.24359931657876
3.38119652244414 0.231819325076378
3.63793811017475 0.222800186975997
3.91507760411516 0.216429662894998
4.21396968207131 0.212676437844179
4.53601023081223 0.21159884633832
4.88261446362202 0.21335997562077
5.25518369731376 0.218251525964455
5.65505554500914 0.226730068200653
6.08342970112058 0.239471274491915
6.5412575352531 0.25745069409175
7.02907760292948 0.282064301056919
7.54676974435726 0.315309264459212
8.09318593988115 0.360056485532725
8.66559416503101 0.420463050840644
9.25883955256429 0.502596251159841
9.86408429428341 0.615370089105104
10.466940753277 0.771919847084434
11.0447925893211 0.9915229124775
11.5632018068699 1.30200999452838
11.9717601517938 1.74205679476811
12.2010125746724 2.36136750281572
12.1646572639706 3.21419726289118
11.7744783287992 4.33903689567575
10.9747420490097 5.72026523434523
9.78876058311626 7.24578114323733
8.34378724627453 8.70266908010793
6.83619984555517 9.84638496486893
5.44994667900231 10.5085725276175
4.29268593183077 10.6567722036622
3.38913282614687 10.3709454987335
2.71208851655521 9.78007236694425
2.2156734300249 9.0103679112457
1.85499558260316 8.16128358365437
1.5935677980929 7.30158363910395
1.40418038006899 6.47430913551736
1.26736796428092 5.70374528932495
1.16945730763092 5.00154954275561
1.10089721222972 4.37134043659184
1.055008958861 3.81187534665481
1.02710461778367 3.31915463822765
1.01388097997809 2.88777308282731
1.01300693314034 2.5117650882077
1.02284271087839 2.18511750058535
1.04224804204868 1.90206745541805
1.07045015192117 1.65726303946519
1.10695223669702 1.44583766744878
1.15146952250286 1.26343127768513
1.20388431168828 1.10617976614909
1.26421424531312 0.970686435845806
1.33258987474045 0.853984245262417
1.40923887097826 0.753494378997807
1.49447502523594 0.666984536870624
1.58869074876166 0.592528955032585
1.69235215535344 0.528471279572068
1.8059960648903 0.473390843378491
1.93022843901514 0.426072541379518
2.0657238754521 0.385480285731038
2.21322586116723 0.35073390381147
2.37354752639832 0.321089287035803
2.54757265680257 0.295921587805219
2.73625671142163 0.274711283431399
2.94062755849003 0.257032973563884
3.16178557456147 0.242546850300329
3.4009026460551 0.230992881238941
3.65921945145648 0.22218788401816
3.93804016404025 0.216025862113556
4.23872336355883 0.212482241547775
4.56266742598542 0.211623037557475
4.91128788810194 0.213620553523835
5.28598312606645 0.218778073113134
5.68808293676831 0.227567310987442
6.11877194216321 0.240684391208192
6.57897563876087 0.259133224790508
7.06919059052243 0.284349979363098
7.58923049565145 0.31838981226155
8.13784485835676 0.36420850805303
8.71214436529018 0.42608877646663
9.30673424675966 0.510285030361739
9.91241327311495 0.625989954179853
10.5142495783602 0.786749406801055
11.0888298369512 1.01242829894504
11.6005987560624 1.33164633610765
11.9977111439179 1.78400108284018
12.2091771193025 2.41992995811658
12.1477653230833 3.29341501958302
11.7263115322881 4.44026677345064
10.8936608715401 5.8385726017731
9.6810876111181 7.36751370250164
8.22351494372599 8.80814915496597
6.71954830326978 9.91812042574607
5.34873848101096 10.5388164269901
4.21165592553924 10.6485054174029
3.32752951733042 10.333466883517
2.66659757272537 9.72400306599712
2.18253159028983 8.94474130603198
1.8309562410911 8.09265910497228
1.57614060273166 7.23423750193532
1.39155998467301 6.41077217806537
1.25827941054141 5.64533887806551
1.16300901055503 4.94880789272788
1.09646634387019 4.32431088811941
1.05215907227156 3.77032040633203
1.02552857371523 3.28268329434441
1.01336199802696 2.8559238861093
1.01339210837286 2.48405728843728
1.02402495805387 2.16108140303217
1.04415371090807 1.88126143897267
1.07303046788694 1.63928212667201
1.11017733917237 1.43031683466193
1.15532428329033 1.25004557298151
1.20836538644476 1.09464256888993
1.26932798907534 0.960746712226434
1.33835087034443 0.845423340916335
1.41566889758291 0.746122685206204
1.50160234670872 0.660638233697084
1.59654963716072 0.587066948334298
1.70098258882001 0.523772393374735
1.81544355562595 0.469351294076941
1.94054395804752 0.422603698754983
2.07696384812818 0.38250671332452
2.22545221172271 0.348191664784604
2.38682775210407 0.318924499358782
2.56197991235006 0.294089213233064
2.75186988238927 0.273174137586044
2.95753129868533 0.255760949262345
3.18007027522123 0.241516353157832
3.42066429437981 0.230186486016108
3.68055932028132 0.221594233135345
3.96106425131445 0.215639845844605
4.26354146618548 0.212305525228252
4.58939168200748 0.211665038801782
4.94003054572678 0.21390002840642
5.31685318435576 0.219325554737669
5.72118113019866 0.228428772986505
6.15418327702236 0.241926707980945
6.61675828231968 0.260852309662229
7.10935928492354 0.286682962807594
7.63173169824501 0.321533365659693
8.18251932951047 0.368446547048712
8.75867072362278 0.431834424583835
9.35454392239594 0.518143925288153
9.96056348902479 0.636854333460667
10.5612378879919 0.801933118148038
11.1323362373714 1.03384641319962
11.6371626775324 1.36201537122984
12.0224195339767 1.8269580559525
12.2156010510629 2.47980109026306
12.1286474911348 3.3741209090648
11.675672279115 4.54280049090974
10.8103967502008 5.95737163953967
9.57218919380849 7.48830789431793
8.1033569220871 8.91115564907066
6.60416339878787 9.98646436439775
5.24937872672923 10.5656866482428
4.13251013652751 10.6375708191785
3.26754194490229 10.2942627637463
2.62236859337702 9.66706445358638
2.1503287235792 8.87888813127365
1.80760089360263 8.02423347306578
1.55920950942654 7.16734242721316
1.37930160073053 6.34781605578242
1.24945832515147 5.58756268810045
1.1567615839605 4.89669605693808
1.09218918568569 4.27788176094599
1.04942921796535 3.72932108947865
1.02404828005511 3.24671596441999
1.01292109311193 2.82452555434542
1.01384239076761 2.45674877342765
1.02526273599723 2.13739629932079
1.04610781898202 1.8607622584821
1.0756539799668 1.62156832531085
1.11344179292084 1.41502779490452
1.15921562717754 1.23686053311289
1.21288112097809 1.08327878255486
1.27447514568391 0.950956659842993
1.3441445849985 0.836991512666088
1.42213141189279 0.73886225827599
1.5087623199998 0.654387838123079
1.60444168730359 0.581687632657751
1.70964700286949 0.519144847981537
1.82492612713388 0.465373356471157
1.95089591855951 0.419188144471624
2.08824186733284 0.379579324347327
2.23771844492234 0.345689561332835
2.40014991565735 0.316794718889414
2.57643136774433 0.292287521320078
2.76752970762253 0.271664058345453
2.97448432141076 0.25451300795314
3.19840703506508 0.240507530632883
3.44048089102775 0.229399894340772
3.70195708781487 0.221019034938007
3.98414917550782 0.215271458491912
4.28842322640036 0.212146177414232
4.61618214731739 0.211724785843516
4.96884147721032 0.214198390129131
5.34779277844058 0.219894026856888
5.75434886004728 0.229314596037268
6.18966221648708 0.243198483445753
6.65460367713848 0.262608372260875
7.14958148695007 0.289063914238194
7.67427057808327 0.324740941492914
8.2272057582115 0.372772149614539
8.80516845460802 0.437702340951129
9.40226205476722 0.526176480542949
10.0085258827419 0.647968540909197
10.6078930027347 0.817478803195515
11.175294196161 1.05578833561441
11.6728700215842 1.39313161961321
12.0458563802149 1.87094379326029
12.2202550149357 2.54099176186488
12.107287101516 3.45630581922333
11.6225778434323 4.6465885079115
10.7250179366493 6.07656283859907
9.46217422145378 7.60804049187526
7.98342000918503 9.01159997735941
6.49010792406779 10.0514054588811
5.15187742481647 10.5892413983354
4.05522431132649 10.6240574706804
3.20913380023652 10.2534187757945
2.5793667756346 9.60932251919736
2.11903662952776 8.81285232455322
1.7849084263827 7.95603236167112
1.5427592822327 7.10091096070165
1.36739438521721 6.28544465834689
1.2408969959973 5.53041527615077
1.15070950251583 4.84520953972204
1.08806173112869 4.23204699841519
1.046816446859 3.6888707189551
1.02266152910862 3.21124592287966
1.01255658210774 2.79357164538581
1.0143564720677 2.42983356265786
1.02655500695881 2.11405675222033
1.04810952542947 1.84056504235138
1.07831999165724 1.60411731651216
1.11674500770912 1.39996674928953
1.16314304223523 1.22387283638774
1.2174310607999 1.0720855159345
1.27965530226818 0.941313771062235
1.34997063523099 0.828686591545589
1.42862605020957 0.731711226192988
1.5159545934303 0.648231737129577
1.61236655312648 0.576389619950915
1.71834505161402 0.514587450139034
1.83444342893969 0.461456005591604
1.96128396118158 0.415824998706137
2.09955756076854 0.376697364057269
2.25002417163356 0.343226946498064
2.41351360717493 0.314699391638197
2.59092658829643 0.290516038454732
2.78323572329397 0.270180641892463
2.99148612893083 0.25328880686594
3.2167953170472 0.239520093975975
3.46035185335258 0.228632866134807
3.72341211828629 0.220462094391321
4.00729423848391 0.214920548323198
4.31336787205192 0.212004090159464
4.64303796068389 0.211802217816749
4.99771971227297 0.214515631972603
5.37880080188989 0.220483549270084
5.78758484611429 0.230224926556872
6.22520725328919 0.244499982269363
6.69251001194597 0.264401844633001
7.18985496848523 0.29149350901897
7.71684432258751 0.328013575552604
8.2719004964328 0.377186891883912
8.85163269848979 0.443694915724396
9.44988201364001 0.534386307341896
10.0562912468123 0.659337986023602
10.6542020446568 0.833394408245735
11.2176858837523 1.07826527287714
11.7076970450719 1.42500963114057
12.0679928149148 1.9159740583752
12.2231104614709 2.603511707821
12.0836696348081 3.5399581912813
11.5670490879811 4.75157777896203
10.6375962094556 6.19604424936389
9.35115225323693 7.72658998374962
7.86380773189657 9.10939967812283
6.37743967309298 10.1129390805359
5.05624084205174 10.609542462207
3.97977266324226 10.6080544744523
3.15226880267438 10.2110186384661
2.53755800826902 9.5508408968292
2.08862790846564 8.74667580570765
1.76285841032991 7.88807997616674
1.52677520517756 7.03495468128834
1.35582786924378 6.22366128838234
1.23258797390517 5.47389487428526
1.14484742433083 4.7943436921736
1.08408010183689 4.1868004978813
1.04431790002539 3.64896263583434
1.02136617715649 3.17626649853393
1.01226682772787 2.7630557897961
1.01493307716769 2.40330575554361
1.02790075735856 2.09105740493221
1.05015800713488 1.82066499601123
1.08102781948985 1.58692485292282
1.12008640287229 1.38512996396686
1.16710602349794 1.21107921940001
1.2220147563942 1.06105992949954
1.28486804937818 0.931815583708733
1.35582863975656 0.820506448329204
1.43515245001719 0.724667751520026
1.52317881566683 0.642168347669368
1.62032388819552 0.5711715480645
1.72707638816728 0.510099028926741
1.8439951090035 0.45759823568736
1.97170772445341 0.412513398148845
2.11091055354786 0.373860091884818
2.26236899964852 0.340803185475099
2.42691841321595 0.312637974030748
2.60546513527113 0.28877429994964
2.79898746102591 0.268723492059147
3.00853621843116 0.252088009794684
3.23523457847894 0.238553760085589
3.48027659245287 0.227885166204636
3.74492376899184 0.219923220724818
4.03049873440598 0.214586967391922
4.33837462239655 0.211879158975353
4.66995825121567 0.211897277159877
5.02666426965234 0.214851750590174
5.40987613559088 0.221094185521363
5.8208877932537 0.231159915519868
6.26081686208825 0.245831475151766
6.7304754529449 0.26623316735438
7.23017747237792 0.293972435120942
7.75945008046425 0.331352322755192
8.31659984292255 0.381692379317321
8.89805852066776 0.449814583877011
9.49739706259243 0.542777083989016
10.1038502250869 0.670968173983315
10.7001519380683 0.849688002394326
11.2594932405086 1.10128855165445
11.7416198279919 1.45766396732681
12.0888000853669 1.9620642565858
12.2241397246992 2.66736946023146
12.0577828170961 3.62506394211296
11.5091104909725 4.85771178501149
10.548206698834 6.31571174958399
9.23923318038624 7.84383696454378
7.74462009837143 9.20447855947445
6.26621150895359 10.171067061928
4.96247171836368 10.6266548478522
3.90612805014907 10.5896507452879
3.09691078376301 10.1671440889009
2.4969088894263 9.49168089646243
2.05907594958141 8.68039853862945
1.74143108164888 7.82039911243722
1.51124306448521 6.96948424629219
1.34459194426781 6.16246869288268
1.22452406268737 5.41799941035478
1.13917018399544 4.74409372476343
1.08024054282193 4.14213611807474
1.04193080537101 3.60959020335772
1.02016014214778 3.14177107638057
1.01205023690825 2.73297169133635
1.01557096296885 2.37715953113256
1.02929899696559 2.06839298034762
1.05225245811299 1.80105740095647
1.08377679259417 1.56998675766151
1.12346540698879 1.37051376907771
1.17110407271965 1.19847647603044
1.2266317630316 1.05019923447473
1.29011298084183 0.922459680223262
1.36171821936543 0.812448992777666
1.44171024989509 0.717730030728329
1.53043463565293 0.636196116078894
1.6283133456523 0.566032080237663
1.73584066460091 0.505678435309526
1.85358081368502 0.453799059837964
1.98216684479586 0.40925249566803
2.12230046817109 0.371066781143421
2.27475253366634 0.338417655362027
2.44036391676823 0.310609932692873
2.62004656587677 0.287061849856574
2.81478444788342 0.267292220167555
3.02563408201452 0.250910286960349
3.25372427102779 0.237608251389795
3.50025451317397 0.227156564138877
3.76649139029959 0.219402227343753
4.05376194974441 0.214270571460479
4.36344268810844 0.211771282764615
4.69694213837325 0.212009909558971
5.05567415711569 0.215206745961107
5.44101764775936 0.221726002864252
5.85425639137701 0.232119718437868
6.29648949945968 0.247193238827865
6.76849814377028 0.26810278956576
7.27054671234759 0.296501393211128
7.80208496152149 0.334758257311976
8.36130004288646 0.386290246984161
8.94444091120896 0.456063825604444
9.54480035839798 0.55135255631276
10.151193312314 0.682864705691513
10.7457294105111 0.866367775839566
11.3006979823845 1.12486961168004
11.7746142912648 1.49110918164325
12.1082495967456 2.00922939040951
12.2233161015066 2.73257227268709
12.0296167151071 3.71160639176049
11.448790160132 4.96493058063268
10.4569276956156 6.43545932678408
9.12652689239243 7.95966451360801
7.62595340485625 9.29676681145302
6.15647144984509 10.2257974458307
4.87056948143452 10.6406464400028
3.83426214276506 10.5689347990598
3.04302376354338 10.1218748301084
2.45738674049446 9.43190153968391
2.0303549179892 8.61405859297303
1.72060732263002 7.75301121415207
1.49614913128485 6.90450943505801
1.33367684879202 6.10186909325561
1.21669830957498 5.36272652743777
1.13367278589928 4.6944547192933
1.07653941785384 4.09804768603872
1.03965247444755 3.57074681062314
1.01904140148455 3.10775309924552
1.0119052592539 2.70331312734768
1.01626891727784 2.3513891477513
1.03074875810806 2.04605828028415
1.05439208893498 1.78173761378022
1.08656625227581 1.55329892327952
1.12688145756665 1.35611455772006
1.17513669813757 1.18606145646164
1.23128164058958 1.03950069192746
1.29538969362677 0.913243686835751
1.36763899681612 0.804512172897872
1.44829908943419 0.710896293541752
1.53772170254281 0.63031351750173
1.63633457816117 0.560969904594141
1.74463753190244 0.501324541699241
1.86320018770988 0.450057509573369
1.99266095648407 0.406041459981343
2.13372692450488 0.368316718745981
2.28717437527641 0.33606974491591
2.45384969723548 0.308614744240242
2.634670433256 0.285378240785416
2.8306262063684 0.265886444873831
3.04277920669791 0.249755314876605
3.27226384071745 0.236683295730275
3.52028501411096 0.226446834208033
3.78811432565526 0.218898931742167
4.07708316328547 0.213971219924778
4.38857127129112 0.211680363756003
4.72398873198252 0.212140063891934
5.08474837147431 0.21558062134433
5.47222419395251 0.222379072226541
5.88768931545946 0.233104495339092
6.33222360388622 0.248585556068676
6.80657620545164 0.270011169007654
7.31096037289417 0.299081096739846
7.84474603649214 0.338232472895573
8.40599728768161 0.390982159837279
8.99077478438113 0.462445166711656
9.59208495045684 0.560116538059147
10.1983108538454 0.695033277709073
10.7909209940168 0.883442037926781
11.3412816071939 1.14901999824406
11.8066562157371 1.52535979867676
12.1263129568739 2.05748401351751
12.2206139322479 2.79912604421554
11.9991638275812 3.799566196795
11.3861198334174 5.07317085691032
10.3638404454635 6.55517937371728
9.01314294843973 8.0739585593957
7.50790006735652 9.38620108419124
6.04826277217886 10.2771442179672
4.78053045961808 10.6515876638216
3.76414558340098 10.5459945585795
2.99057201933067 10.0752884892868
2.41895961645634 9.37155959892709
2.00243974086523 8.54769220556001
1.70036864260872 7.68593642843389
1.48148014480548 6.84003919087769
1.32307315553667 6.04186421403489
1.20910399602345 5.30807360233938
1.12835039782043 4.64542164021717
1.07297320503276 4.05452900365858
1.03748029939177 3.53242587601955
1.01800798989422 3.07420606927155
1.01183038554565 2.67407394905232
1.01702575774705 2.3259889426072
1.03224909491217 2.02404818470328
1.05657612617527 1.76270106520496
1.08939555160937 1.53685731072782
1.13033400074031 1.34192878492539
1.17920341424391 1.17383106620688
1.23596395337874 1.02896161187103
1.30069778770671 0.904165272752637
1.37359059673168 0.796693974216313
1.45491860915565 0.704164802293592
1.54503966563719 0.62451905532347
1.64438723785837 0.555983733648576
1.75346663993474 0.497036241525371
1.87285287413726 0.446372634501828
2.00318969162172 0.402879475334138
2.1451895397619 0.365609204927336
2.29963412294258 0.333758854313678
2.46737533042551 0.306651895072525
2.64933628647746 0.283723033726969
2.84651225441442 0.264505792015618
3.05997107441048 0.248622776218265
3.29085272792874 0.235778626248727
3.54036748761266 0.225755755266175
3.8097919115893 0.218413155417594
4.10046164614142 0.213688775740152
4.41375956549036 0.211606307440072
4.75109713225003 0.212287692173405
5.11388589859987 0.215973383232647
5.50349461708386 0.223053468175283
5.92118522554912 0.234114410747769
6.36801759575271 0.250008715681973
6.84470773637945 0.271958772054037
7.35141610921346 0.301712272026022
7.88743033686507 0.341776082802588
8.45068771452257 0.395769812979562
9.03705497820939 0.468961178981861
9.63924378027807 0.569072911238792
10.2451930454603 0.707479682073428
10.8357130266461 0.900919214914635
11.3812254015089 1.17375135406159
11.8377212624322 1.56043029210415
12.1429620228516 2.10684218308458
12.2160086823578 2.86703524318359
11.9664191722749 3.8889212901658
11.3211348660053 5.18236602026295
10.2690289294625 6.67476299515459
8.8991902560912 8.18660822716567
7.39054847814231 9.47272453287098
5.94162412898887 10.3251270261887
4.69234809204495 10.6595511598145
3.69574813524269 10.5209171760085
2.9395201474273 10.0274605861099
2.38159631305443 9.31070963982618
1.97530609280393 8.48133384130111
1.68069715914857 7.61919365989968
1.46722329605782 6.77608166127939
1.31277175907326 5.98245531031116
1.20173462887735 5.25403776318551
1.12319834477253 4.59698934535888
1.06953849254006 4.011573853804
1.03541174998831 3.49462085042133
1.01705799738587 3.04112354926349
1.01182414630457 2.64524808177237
1.01784033085488 2.30095333134877
1.03379908256906 2.00235765091106
1.05880381187803 1.74394325911164
1.09226405504557 1.52065794833081
1.13382249097789 1.32795296664696
1.18330374156514 1.16178226515265
1.24067826997463 1.01857935238232
1.30603686593209 0.895222149358439
1.37957264549922 0.788992419065952
1.4615684504322 0.697533851295792
1.55238817432133 0.618811260617815
1.65247097630283 0.551072303822846
1.76232763739695 0.492812448814541
1.88253851432882 0.442743501945539
2.01375268011632 0.399765741184579
2.15668792848149 0.362943552972625
2.31213137198838 0.331484394918112
2.48094038853932 0.304720881171924
2.6640436705284 0.28209579787951
2.86244210538259 0.263149894462672
3.07720916199256 0.247512359692467
3.30949036740166 0.234893981275574
3.56050131978669 0.225083110654557
3.83152347772515 0.217944723787373
4.12389666176191 0.21342310534856
4.43900675570859 0.211549022505962
4.77826642977996 0.212452749500403
5.14308571344288 0.216385041307383
5.53482774744075 0.223749268881943
5.95474276677876 0.235149633663322
6.40386987734437 0.251463012512312
6.8828908122759 0.273946073744843
7.39191154711826 0.304395658340345
7.93013485472429 0.345390220112203
8.49536740620077 0.400654931921886
9.08327625405791 0.475614480525244
9.68626968101588 0.578225626424763
10.2918299333164 0.720209805995701
10.8800916543238 0.918807847449995
11.4205104482156 1.19907541049829
11.8677849940746 1.59633506146566
12.1581689495109 2.15731741062764
12.2094770246961 2.93630283147755
11.9313803679929 3.97964682817659
11.2538742032251 5.2924462873067
10.1725796323384 6.79410032421054
8.78477675916175 8.2975061679255
7.27398288688393 9.55628683044824
5.83658968182749 10.3697708886903
4.60601313491846 10.6646114709714
3.62903882228865 10.4937888712745
2.88983311820268 9.97846451018942
2.34526637107297 9.2494040662215
1.94893038053014 8.41501625347441
1.66157557948728 7.55280062306752
1.4533662120014 6.71264423672785
1.30276386390681 5.92364319392978
1.1945839318811 5.20061590615127
1.11821210309958 4.549152596055
1.06623197456108 3.96917600610368
1.03344437084997 3.45732522015516
1.01618956728696 3.00849916389795
1.01188511041166 2.61682952507263
1.01871151092423 2.27627680758748
1.0353978166286 1.98098171274351
1.06107440304276 1.7254597715677
1.09517113803195 1.50469693076741
1.13734639079825 1.31418367875974
1.18743720644873 1.14991206661502
1.24542416305522 1.00835131873375
1.31140653390489 0.886412069431365
1.3855847711727 0.781405565886339
1.46824825541203 0.691001766220304
1.55976687800502 0.613188691603654
1.66058544442873 0.546234374972204
1.77122017178674 0.488652097778673
1.89225674791876 0.439169196583889
2.02434954965576 0.396699471895371
2.16822170251141 0.360319088951404
2.32466571458309 0.329245789048791
2.49454444016104 0.302821207905974
2.67879212630814 0.280496110479033
2.8784152680583 0.261818391970626
3.09449294119546 0.24642375991253
3.3281761882384 0.234029104220932
3.58068589050575 0.224428688107131
3.85330834678865 0.217493466106515
4.14738746594672 0.213174078607044
4.46431201842088 0.211508420779136
4.80549570559285 0.212635193998638
5.17234678005307 0.216815608393442
5.56622240270415 0.224466556087625
5.98836056938075 0.236210337539288
6.43977883284864 0.252948747440346
6.92112348617016 0.275973557817129
7.43244428296534 0.307132007986044
7.97285654259661 0.34907603784027
8.54003239081761 0.405639272831676
9.12943329623816 0.482407736106084
9.7331553770636 0.587578702997982
10.3382114140337 0.733229631429196
10.9240428329841 0.937116587737703
11.4591176347502 1.22500397813158
11.8968228979103 1.63308840772458
12.1719062396529 2.20892261140823
12.2009969223411 3.00693018930353
11.8940477110445 4.07171514521525
11.1843803392158 5.40333879575023
10.07458129967 6.91308084630155
8.67000913658734 8.40654886671186
7.15828330600033 9.63684414937006
5.7331892443725 10.4111058937756
4.52151386313228 10.6668447429612
3.56398606011659 10.4646947858951
2.841476324965 9.92837150695195
2.30994007802269 9.18769316739055
1.92328972709065 8.34877054322054
1.64298718227833 7.48677389312763
1.43989694019411 6.64973358777966
1.29304097299353 5.86542825850325
1.18764583752258 5.14780471136202
1.11338729480833 4.50190606675022
1.06305044737238 3.92732922237076
1.03157577871058 3.42053250975154
1.01540089435695 2.97632660080546
1.01201188378032 2.58881235283204
1.01963819917768 2.25195394238395
1.03704441231877 1.95991547973876
1.06338717112808 1.70724624985519
1.09811618664678 1.48897041805975
1.14090517049779 1.30061755607223
1.19160334085682 1.13821753640966
1.25020120924353 0.998274962539589
1.31680639985752 0.877732826372774
1.3916266033789 0.773931508536734
1.47495766694522 0.684566903492404
1.56717542606466 0.607649933112922
1.66873029249969 0.541468729921018
1.78014388936409 0.484554142411638
1.90200721278524 0.435648820104144
2.03497992568574 0.393679896431974
2.17979047099043 0.357735151457379
2.33723673972887 0.327042469757899
2.5081870502489 0.300952389834531
2.69358119062249 0.27892355663306
2.89443124664888 0.260510931037807
3.11182187868236 0.245356677274416
3.34690961390736 0.23318374346778
3.60092057341481 0.223792279657885
3.87514583461875 0.217059215387089
4.17093330685988 0.212941568717407
4.48967452159241 0.211484417160052
4.83278403114611 0.212834986769485
5.20166805160191 0.217265100414702
5.59767738797096 0.225205415068351
6.02203724870473 0.237296700261919
6.47574282836066 0.254466227381345
6.95940378837822 0.278041716734779
7.47301188358854 0.309922086377075
8.01559231330819 0.352834709088525
8.5846786415325 0.410724622771329
9.17552071164543 0.489343657446736
9.77989348370863 0.597136229336832
10.3843272349197 0.746545234502162
10.9675523310403 0.955854196391505
11.4970276620399 1.25154893662649
11.9248104098439 1.67070450760388
12.184146796008 2.26167005248662
12.1905477115295 3.07891704096953
11.8544242455257 4.16509571684667
11.112699261176 5.51496773118664
9.97512468555412 7.03159372875032
8.55499251395647 8.51363692852349
7.04352543961577 9.71435911371671
5.63144843601216 10.449166893563
4.43883626646179 10.6663284380323
3.50055777769806 10.4337188515636
2.7944156270396 9.87725067120391
2.27558846749369 9.12562516711476
1.89836195563663 8.28262621813367
1.6249157996563 7.42112895508395
1.42680393391931 6.58735570073827
1.28359487668092 5.80781050328449
1.18091447919723 5.0956006580038
1.10871968212845 4.45524435407148
1.05999080558634 3.88602726169697
1.02980365982551 3.38423628449254
1.01469022297459 2.94459961153233
1.01220310807961 2.56119071324866
1.02061932282793 2.22797938370164
1.03873800388982 1.93915413629735
1.06574140157309 1.68929841149975
1.10109859724554 1.47347463457016
1.14449830788627 1.28725129135025
1.19580168216682 1.12669579193565
1.25500898895551 0.988347780916201
1.32223607453565 0.869182253450335
1.39769777322637 0.766568375622077
1.48169632851252 0.678227649695759
1.57461346778725 0.602193596069051
1.67690517006452 0.536774174007949
1.78909843511634 0.480517556094221
1.91178954502281 0.432181490859411
2.04564343138841 0.390706258067171
2.19139384033206 0.355191091353659
2.34984403324865 0.324873880610792
2.52186778012701 0.299113950520854
2.708410396179 0.277377729157984
2.91048954078216 0.259227164765059
3.12919543603012 0.244310817835735
3.36569006224817 0.232357652267277
3.62120473593952 0.223173681549994
3.89703525017924 0.216641808319077
4.19453342504506 0.212725452157061
4.51509342469747 0.211476929563735
4.86013046835625 0.213052091837574
5.23104847040717 0.217733536349754
5.62919149577875 0.225965934600331
6.05577140523849 0.238408904128391
6.5117602118924 0.256015765282848
6.99772972648752 0.280151051716629
7.51361188623836 0.312766672113511
8.05833903985058 0.356667427188556
8.62930207632642 0.415912799925731
9.22153302942531 0.496425003506853
9.82647650685229 0.606902362947544
10.4301669943423 0.760162784807625
11.0106057321952 0.975029538952255
11.5342210541723 1.27872222390566
11.9517229399074 1.70919738669499
12.1948639748507 2.31557129952852
12.178110184416 3.15226138202957
11.8125158268397 4.2597551318543
11.0388803791858 5.62725446952083
9.87430229226026 7.14952815398775
8.43983018921297 8.61867534045596
6.92978063535128 9.78880072338728
5.53138884373429 10.4839931939003
4.3579642396967 10.6631410631072
3.43872153051648 10.4009436728269
2.74861738745508 9.82516894768977
2.24218331642337 9.06324627422521
1.874125572897 8.21661124984439
1.60734579964916 7.35588025127711
1.41407603778473 6.52551591185359
1.2744176420573 5.75078955594598
1.17438418368037 5.04400003867823
1.10420516229111 4.40916198540569
1.05705003854654 3.84526388523192
1.0281257674753 3.34843015276662
1.01405584539577 2.91331201238929
1.012457459506 2.53395882878233
1.02165383420185 2.20434785583025
1.04047774398215 1.91869294083245
1.06813639333562 1.67161204330129
1.10411777611965 1.45820586800661
1.14812528803173 1.27408163435295
1.20003177297855 1.11534400127291
1.25984708625283 0.97856731565637
1.32769517108481 0.860758223054663
1.40379791321736 0.759314329831563
1.48846388415648 0.671982420989031
1.58208065231627 0.596818316975804
1.68510972591461 0.532149534640355
1.7980834527246 0.476541331207231
1.92160337891617 0.428766343533751
2.05633968766198 0.387777814091836
2.20303141420907 0.352686271523378
2.36248717777509 0.322739475471209
2.53558618747799 0.297305422346683
2.72327927158311 0.275858228419821
2.92658964550596 0.257966752718489
3.14661306973194 0.243285893197243
3.38451694547771 0.231550588636182
3.64153773929568 0.222572694146716
3.91897589557191 0.216241085192677
4.21818705344234 0.21252560861103
4.54056787873999 0.211485878860214
4.88753406962296 0.213286476098952
5.26048696795955 0.218220938187923
5.66076350613303 0.226748206925198
6.08956162463174 0.23954713582459
6.54782931338576 0.257597680121367
7.03609928534648 0.28230207276288
7.55424179852815 0.315666557053905
8.10109355525654 0.360575405840084
8.67389855778211 0.421205653818052
9.26746470067215 0.503654580736187
9.87289684279819 0.616881330531793
10.4757201422597 0.774088544542859
11.0531884386055 0.994651582059418
11.5706781688161 1.30653582459416
11.9775358990744 1.74858089133815
12.2040316411876 2.37063716247845
12.1636666713109 3.22695940818741
11.768331177886 4.35565707378579
10.9629764416805 5.7401177346416
9.77220810348087 7.26677365426259
8.32462337387144 8.72157370883037
6.81711585802862 9.86014425210143
5.43302819071693 10.5156282426115
4.2788797661914 10.65736191241
3.37844460527474 10.366450423157
2.70404850562434 9.77219113798556
2.209697140508 9.00060073430253
1.85055975243284 8.15075213050615
1.59026206895684 7.29104122730506
1.40170247378608 6.46421894011138
1.26550160269773 5.69436469430846
1.16804946389581 4.99299897303581
1.09983976251693 4.36365342700485
1.05422522686743 3.80503286066367
1.02653991956796 3.31310776824098
1.01349610007894 2.88245768519323
1.01277364760172 2.5071109960391
1.02274070989705 2.18105415878156
1.04226280301691 1.89852722491115
1.07057145844666 1.65418300036722
1.10717313916679 1.44316046843706
1.15178560301383 1.26110539088095
1.20429316092779 1.10415938229325
1.26471508870049 0.968931152417345
1.33318330494066 0.852458645969246
1.40992665716268 0.752167567289618
1.49525997841492 0.665829662533794
1.58957662859943 0.591522757416277
1.69334360804283 0.527593660857739
1.80709858453153 0.47262447875257
1.93144834691494 0.425402528814238
2.0670683131014 0.384893835531777
2.21470279353914 0.350220066625577
2.37516575274035 0.320638718291016
2.54934182633662 0.295526346331218
2.73818734133526 0.274364662178313
2.94273105128848 0.256729360795065
3.16407423120113 0.242281620386758
3.40338967019724 0.230762315256308
3.66191893849978 0.221989121843979
3.94096706605076 0.215856889821983
4.24189341740643 0.212341920905046
4.56609702627569 0.211511188815776
4.91499387785495 0.213538109269807
5.28998246495158 0.218727330885525
5.69239218653715 0.227552327715151
6.12340647772319 0.240711586402382
6.5839484447295 0.259212296898038
7.0745104270592 0.284495298679646
7.59489909838736 0.318622546384386
8.14385265248632 0.364559879243133
8.71846389288169 0.426605065512968
9.31331009816115 0.511035243299202
9.91914677811307 0.627077427987828
10.5209759809142 0.788328867490903
11.0952856744167 1.01472938926178
11.6063792084161 1.33500175772034
