0 10 7
0.05 3.40431369791667 10.1570539583333
0.1 1.94296923922025 6.1523355718626
0.15 1.44485774985174 3.46619742338284
0.2 1.45585750487753 1.86800862743032
0.25 1.75325614462782 1.03961430671074
0.3 2.31247639830928 0.632031888275753
0.35 3.18653706688814 0.444115961759665
0.4 4.47140834344485 0.386897935479024
0.45 6.27351156941364 0.458317697899097
0.5 8.56606294076556 0.819027733071585
0.55 10.4636453123008 2.26229597490098
0.6 8.53982793085866 6.39097461469105
0.65 3.6760955722738 8.55436296924268
0.7 2.10709216103644 5.69972049304364
0.75 1.63176153585493 3.32623902691378
0.8 1.66165360013173 1.86681367976224
0.85 1.99429052513349 1.08820425441762
0.9 2.60826584674752 0.69873857984015
0.95 3.55560064532158 0.524779061928898
1 4.92124461582056 0.496155158464159
1.05 6.76173738120485 0.646541585354128
1.1 8.8509989668603 1.2562581063011
1.15 9.6970873607062 3.37402713724738
1.2 6.59447477871483 6.9852695607243
1.25 3.20662320729089 7.24768225717363
1.3 2.04054279536166 4.7774046003004
1.35 1.74728153558266 2.81067571947687
1.4 1.87975070715084 1.63284325142175
1.45 2.30926490056328 1.00525280380034
1.5 3.03931601168573 0.695898598824303
1.55 4.12837234681326 0.577697784455703
1.6 5.64242333829781 0.621816892487796
1.65 7.53191146425189 0.943754833272037
1.7 9.15345749351139 2.06682725534998
1.75 8.28595311179721 5.01710421314442
1.8 4.58618994056857 7.28590396638183
1.85 2.64640355358549 5.74796514583245
1.9 1.99310514300292 3.65139324481041
1.95 1.93625137329334 2.18466098988691
2 2.22817032910094 1.34120816741374
2.05 2.81814031687518 0.900639899568149
2.1 3.73574607775399 0.703407680786507
2.15 5.03342489237488 0.685287907768006
2.2 6.69815758459 0.899723627832859
2.25 8.35591992291743 1.66466950682631
2.3 8.51526061522641 3.79530918849901
2.35 5.72969748044997 6.44699199852825
2.4 3.22287787746618 6.18720162752258
2.45 2.25382816277815 4.23184938285058
2.5 2.03304884454179 2.61943412004066
2.55 2.21945487112788 1.62178247057826
2.6 2.71421248728984 1.07662160892605
2.65 3.52252442239461 0.814681628184818
2.7 4.68404977614103 0.750497613917243
2.75 6.19643853810752 0.904677922899117
2.8 7.79726674870743 1.5015482098889
2.85 8.38447186076381 3.17321077071443
2.9 6.35499097245942 5.75186115893124
2.95 3.67612300440539 6.25668133114699
3 2.48404917958798 4.55889267923149
3.05 2.14101119653929 2.91308049295478
3.1 2.25259663608681 1.82855921527686
3.15 2.68557706037275 1.21425011338666
3.2 3.42656401855346 0.907454270510986
3.25 4.50409628959219 0.813364345921482
3.3 5.91499263764286 0.936253903845079
3.35 7.44011160721453 1.45632212370868
3.4 8.16838067413559 2.89475033510126
3.45 6.59357240432662 5.28839459934963
3.5 3.98673979751531 6.1259586603546
3.55 2.67336659560141 4.69250530965977
3.6 2.25183977354225 3.08517823954517
3.65 2.3148206708926 1.96978014500305
3.69999999999999 2.70990905687273 1.31927852400298
3.74999999999999 3.41078410367483 0.986779641824633
3.79999999999999 4.43606149836098 0.877211332929845
3.84999999999999 5.77483391786864 0.989169793198168
3.89999999999999 7.21609829232575 1.48351569227727
3.94999999999999 7.93684344481695 2.81245276573702
3.99999999999999 6.58491491748214 5.01892983673206
4.04999999999999 4.1433955386799 5.92127506276549
4.09999999999999 2.80739416441728 4.68131133970624
4.14999999999999 2.35338435179317 3.1492996555691
4.19999999999999 2.39363280415885 2.04695781162609
4.24999999999999 2.7714373600599 1.3903047156709
4.29999999999999 3.45347006002693 1.05079919264637
4.34999999999999 4.44979580628566 0.93954064735814
4.39999999999999 5.73704378081788 1.05734250599823
4.44999999999999 7.09028079603108 1.56098626256832
4.49999999999999 7.71481165798373 2.85692413031938
4.54999999999999 6.42388916074649 4.89825674919631
4.59999999999999 4.16508308283338 5.70365366632281
4.64999999999999 2.88467908907405 4.56806497424375
4.69999999999999 2.44043394746703 3.12487890499385
4.74999999999999 2.48232305179143 2.06712574905323
4.79999999999999 2.86127541146668 1.42934202560198
4.84999999999999 3.54212879081534 1.0997844024727
4.89999999999999 4.52729998550797 0.999988448801409
4.94999999999999 5.77632879970047 1.13928167831995
4.99999999999999 7.03302713853284 1.68092422295763
5.04999999999999 7.49577421520088 2.99362465898362
5.09999999999999 6.16301311066754 4.87739195118476
5.14999999999999 4.08731769432422 5.48415407962916
5.19999999999999 2.91567265319891 4.38477628780188
5.24999999999999 2.51501534848902 3.0339711185182
5.29999999999999 2.57950356599576 2.04215699872998
5.34999999999999 2.97556067075817 1.44238785004978
5.39999999999999 3.66974380890163 1.13705523738242
5.44999999999999 4.65658241547699 1.06104357311371
5.49999999999999 5.8727225807467 1.23749469703293
5.54999999999999 7.01481117456962 1.84331157995214
5.59999999999999 7.25862278287145 3.20184633015921
5.64999999999999 5.83184485253891 4.90875987988003
5.69999999999999 3.94660217569604 5.25254885745794
5.74999999999999 2.91614233866823 4.15310410939545
5.79999999999999 2.58334939533266 2.89694178469545
5.84999999999999 2.68721021169864 1.9852023968457
5.89999999999999 3.11369489190668 1.43725604680571
5.94999999999999 3.8326762183145 1.16774694846576
5.99999999999999 4.82892124696015 1.12725873495564
6.04999999999999 6.00834115090446 1.35744820103037
6.09999999999999 7.00522680542226 2.05212915157822
6.14999999999999 6.97912461604861 3.46347715513926
6.19999999999999 5.45268674099689 4.94763107455664
6.24999999999999 3.77388940934713 4.99581881592819
6.29999999999999 2.90202517079862 3.88821832555153
6.34999999999999 2.65305599813883 2.73080447719395
6.39999999999999 2.80918326603554 1.90834128567381
6.44999999999999 3.27695106659339 1.42182701707706
6.49999999999998 4.02917145153064 1.19770918587025
6.54999999999998 5.03693759597434 1.20459794252487
6.59999999999998 6.16499285351477 1.5068624030251
6.64999999999998 6.97253373740428 2.31229640980273
6.69999999999998 6.63818293605838 3.75573864572397
6.74999999999998 5.04899601847977 4.95342427394659
6.79999999999998 3.59360623418679 4.70708302089148
6.84999999999998 2.88689905465263 3.60284474255734
6.89999999999998 2.73127111459895 2.54957928788801
6.94999999999998 2.94935855246182 1.82183191287317
6.99999999999998 3.46698529060394 1.40321798982513
7.04999999999998 4.25759977282119 1.23285461179179
7.09999999999998 5.27231027293411 1.29992035658406
7.14999999999998 6.32170793055492 1.69465159149563
7.19999999999998 6.88477069660918 2.62520873030237
7.24999999999998 6.22976795046454 4.0466773276048
7.29999999999998 4.64741056134415 4.89361601569862
7.34999999999998 3.42508331164699 4.38812577210105
7.39999999999998 2.8819014619759 3.30975021622274
7.44999999999998 2.82416647979853 2.36553022245344
7.49999999999998 3.11108406317305 1.73466317433733
7.54999999999998 3.68460961038312 1.38805119779176
7.59999999999998 4.51455387780348 1.27931796373215
7.64999999999998 5.52304327638232 1.42091595639938
7.69999999999998 6.45234946772778 1.9293388943283
7.74999999999998 6.71336669165959 2.98258408955471
7.79999999999998 5.76640075551541 4.29542066043872
7.84999999999998 4.27395702558311 4.74998931691701
7.89999999999998 3.28340766780711 4.04763705542838
7.94999999999998 2.89643331791033 3.02146792473043
7.99999999999998 2.93746592103528 2.18942749330654
8.04999999999998 3.29738446617599 1.6550381491312
8.09999999999998 3.92959157076438 1.38308958216468
8.14999999999998 4.79384935757825 1.34421726132588
8.19999999999998 5.77156655371173 1.57659944944574
8.24999999999998 6.5251320645445 2.21703541470614
8.29999999999998 6.43965796138277 3.3611417044487
8.34999999999998 5.27769844809033 4.45921597811058
8.39999999999998 3.94812921436996 4.52301128872302
8.44999999999999 3.17857892526093 3.69803126799598
8.49999999999999 2.93772841720134 2.74842724183479
8.54999999999999 3.07627677084896 2.02946201753512
8.59999999999999 3.51098638489711 1.58976679637315
8.64999999999999 4.20064703009573 1.3950509287356
8.69999999999999 5.08618330746753 1.4358142762273
8.74999999999999 5.99446034282553 1.77700313610492
8.79999999999999 6.5065660701054 2.55762442773635
8.84999999999999 6.06376593425283 3.72161729058031
8.89999999999999 4.80173209657475 4.50534448751127
8.94999999999999 3.68115849381458 4.22945283494859
8.99999999999999 3.11571348305315 3.35323844096163
9.04999999999999 3.01029458390137 2.49857100367228
9.09999999999999 3.24408160139382 1.89117923006235
9.15 3.75308902161689 1.54403826072131
9.2 4.49397278647969 1.43024985730815
9.25 5.37753874505562 1.56286771190646
9.3 6.16268416548343 2.03062141001017
9.35 6.36994789170652 2.93779870011715
9.4 5.61102713591515 4.01446246559693
9.45 4.37347790193847 4.42260190296488
9.5 3.47842540769285 3.8944770056987
9.55 3.09732259051042 3.02678407280688
9.6 3.11692617868229 2.27818681294781
9.65 3.44269641842708 1.77888382451601
9.7 4.02240700851991 1.52260664963233
9.75 4.80133958087033 1.49537972551574
9.8 5.64689043826837 1.73434482287791
9.85 6.24294618715119 2.34021867900824
9.90000000000001 6.10570782753973 3.32490388166188
9.95000000000001 5.12756036389301 4.19281890553817
10 4.01588504306718 4.2254162806777
