0 10 7
0.1 -3.18082666666666 14.7455466666667
0.2 -1.61771848977613 -2.35994205208108
0.3 -5.1979123644375 3.05137663286363
0.4 26.7372796514773 -56.2657708057741
0.5 152263081.26172 -202989399.705303
0.6 1.97117729180725e+61 -2.62823638907633e+61
0.7 inf -inf
0.8 nan nan
0.9 nan nan
1 nan nan
1.1 nan nan
1.2 nan nan
1.3 nan nan
1.4 nan nan
1.5 nan nan
1.6 nan nan
1.7 nan nan
1.8 nan nan
1.9 nan nan
2 nan nan
2.1 nan nan
2.2 nan nan
2.3 nan nan
2.4 nan nan
2.5 nan nan
2.6 nan nan
2.7 nan nan
2.8 nan nan
2.9 nan nan
3 nan nan
3.1 nan nan
3.2 nan nan
3.3 nan nan
3.4 nan nan
3.5 nan nan
3.6 nan nan
3.7 nan nan
3.8 nan nan
3.9 nan nan
4 nan nan
4.1 nan nan
4.2 nan nan
4.3 nan nan
4.4 nan nan
4.5 nan nan
4.6 nan nan
4.7 nan nan
4.8 nan nan
4.9 nan nan
5 nan nan
5.1 nan nan
5.2 nan nan
5.3 nan nan
5.4 nan nan
5.5 nan nan
5.6 nan nan
5.7 nan nan
5.8 nan nan
5.9 nan nan
5.99999999999999 nan nan
6.09999999999999 nan nan
6.19999999999999 nan nan
6.29999999999999 nan nan
6.39999999999999 nan nan
6.49999999999999 nan nan
6.59999999999999 nan nan
6.69999999999999 nan nan
6.79999999999999 nan nan
6.89999999999999 nan nan
6.99999999999999 nan nan
7.09999999999999 nan nan
7.19999999999999 nan nan
7.29999999999999 nan nan
7.39999999999999 nan nan
7.49999999999999 nan nan
7.59999999999999 nan nan
7.69999999999999 nan nan
7.79999999999999 nan nan
7.89999999999999 nan nan
7.99999999999999 nan nan
8.09999999999999 nan nan
8.19999999999999 nan nan
8.29999999999999 nan nan
8.39999999999999 nan nan
8.49999999999999 nan nan
8.59999999999999 nan nan
8.69999999999999 nan nan
8.79999999999998 nan nan
8.89999999999998 nan nan
8.99999999999998 nan nan
9.09999999999998 nan nan
9.19999999999998 nan nan
9.29999999999998 nan nan
9.39999999999998 nan nan
9.49999999999998 nan nan
9.59999999999998 nan nan
9.69999999999998 nan nan
9.79999999999998 nan nan
9.89999999999998 nan nan
9.99999999999998 nan nan
10.1 nan nan
