0 10 7
0.01 8.58399471151933 8.48402256241867
0.02 7.07261586167757 9.69162504458884
0.03 5.65759868607046 10.4363476185504
0.04 4.46059651075599 10.6638635741946
0.05 3.51774640408876 10.4400182378138
0.06 2.80756540755857 9.88978747735515
0.07 2.28548378933988 9.14187090412956
0.08 1.90576469021163 8.30054141278955
0.09 1.63045451417893 7.43927743645452
0.1 1.43095744063309 6.6048263799724
0.11 1.28671386574956 5.82408398390461
0.12 1.18325138794414 5.11042523969656
0.13 1.11045525866532 4.4685405649119
0.14 1.06125458852092 3.89782060371156
0.15 1.03068882351438 3.39461216066447
0.16 1.01526404669852 2.9536741115618
0.17 1.01251428141688 2.56909221214939
0.18 1.0207030351143 2.23483731865835
0.19 1.03861950124534 1.94509246593023
0.2 1.06543848687805 1.69443208468672
0.21 1.10062339866147 1.47790796224516
0.22 1.14385853790219 1.29107749522993
0.23 1.19500153872532 1.12999725697643
0.24 1.25404980264252 0.991196705434874
0.25 1.3211167736821 0.871641501036252
0.26 1.39641521698142 0.768692405486836
0.27 1.48024554309321 0.680063449701147
0.28 1.57298781092012 0.603781573761804
0.29 1.67509644160783 0.538148981126779
0.3 1.78709694699136 0.48170883487649
0.31 1.90958416023018 0.433214538500155
0.32 2.04322157960558 0.391602610491824
0.33 2.18874151609818 0.355969030133192
0.34 2.34694578186828 0.325548868083165
0.35 2.51870667606872 0.299698998444789
0.36 2.70496801887933 0.277883705797325
0.37 2.90674595342287 0.259663044337437
0.38 3.125129174141 0.244683874804694
0.39 3.36127814109253 0.232673600958892
0.4 3.61642268888649 0.223436758867039
0.41 3.89185721516876 0.216854793593246
0.42 4.18893230361831 0.212889612891136
0.43 4.50904114917543 0.211591874102342
0.44 4.85359842963976 0.213115498456574
0.45 5.22400818480916 0.21774071057141
0.46 5.6216156295672 0.225909118954365
0.47 6.04763533876749 0.238276220876
0.48 6.50304442536493 0.255789602551477
0.49 6.98842344935093 0.279805590246541
0.5 7.5037187085327 0.31226406633778
0.51 8.04788559305353 0.355951858990246
0.52 8.61835153405568 0.414901158103832
0.53 9.21020614855833 0.494992245634494
0.54 9.81498426611457 0.604858692000746
0.55 10.4188603339416 0.757218915846034
0.56 11.0000482151691 0.970746768741099
0.57 11.525285598058 1.27244940227523
0.58 11.9456947631085 1.70001579015907
0.59 12.193482485221 2.30231472855034
0.6 12.1833949996759 3.13375551701716
0.61 11.8261609751099 4.23545704873203
0.62 11.0611928025933 5.59825137805628
0.63 9.90330266720614 7.11922429925235
0.64 8.47160623393012 8.59211318589522
0.65 6.96020372101453 9.77060418528184
0.66 5.55770204706271 10.476512121468
0.67 4.37912792648701 10.6660721595838
0.68 3.45491790018754 10.4121592267764
0.69 2.76062475463965 9.84187720312842
0.7 2.25092136631592 9.08286340969262
0.71 1.88041734434022 8.237158772415
0.72 1.61183988719772 7.37602919185149
0.73 1.41725143090398 6.54446961525263
0.74 1.27661691130035 5.76813293568053
0.75 1.17584897448439 5.0595698842737
0.76 1.10510525161324 4.42295115243406
0.77 1.05750478187791 3.85735578316359
0.78 1.02821921251151 3.35895598575335
0.79 1.01384717216988 2.9224238178361
0.8 1.01198814616932 2.5418130428977
0.81 1.02095257946653 2.21109572343399
0.820000000000001 1.03956386401344 1.92447529547811
0.830000000000001 1.06702218048631 1.67655682954373
0.840000000000001 1.10281014737733 1.46242734682341
0.850000000000001 1.14662694354197 1.27768058864174
0.860000000000001 1.19834201333345 1.11840850440547
0.870000000000001 1.25796238955783 0.981173786439948
0.880000000000001 1.32560959901994 0.862972594701295
0.890000000000001 1.40150339399629 0.761193228113317
0.900000000000001 1.48595040591422 0.673574290357742
0.910000000000001 1.57933639071153 0.59816446132832
0.920000000000001 1.68212112310589 0.533285057019901
0.930000000000001 1.79483526038452 0.477495967585616
0.940000000000001 1.91807867494519 0.429565192237765
0.950000000000001 2.05251987433744 0.388441965941174
0.960000000000001 2.19889620440153 0.353233347329204
0.970000000000001 2.35801457543791 0.32318407784124
0.980000000000001 2.53075246881081 0.297659508147858
0.990000000000001 2.7180589741084 0.276131406981044
1 2.92095557388397 0.258166512994954
1.01 3.14053632967696 0.243417760624351
1.02 3.37796702096512 0.231618209107829
1.03 3.63448263389519 0.222577838135112
1.04 3.91138236703077 0.216183558941155
1.05 4.21002098284299 0.212403050706139
1.06 4.5317948336459 0.211293407942695
1.07 4.87812014769522 0.213016136810341
1.08 5.25040004845504 0.217860864166888
1.09 5.6499750992349 0.22628137614196
1.1 6.07804960508991 0.238949525722716
1.11 6.53558197521282 0.256835523394258
1.12 7.02312138961876 0.281327746074595
1.13 7.54056365521821 0.314412369091305
1.14 8.08678475421111 0.358944136412071
1.15 8.65908883841623 0.419056068785429
1.16 9.25237571579426 0.500779264000037
1.17 9.85789020039886 0.612973127267131
1.18 10.4613685842285 0.768691288038705
1.19 11.0403763507093 0.987092598182579
1.2 11.5607291490413 1.29584745062985
1.21 11.9723359800212 1.73344783308961
1.22 12.206046596632 2.3494732205585
1.23 12.1756362634248 3.19831745640898
1.24 11.7923616611306 4.31919816188129
1.25 10.9990551725386 5.69800191667999
1.26 9.81705215670354 7.22443638960933
1.27 8.37233992410961 8.68643607265961
1.28 6.86172420126623 9.83846747442462
1.29 5.47072589107564 10.5099692807476
1.3 4.30848203903784 10.6664041588315
1.31 3.4005498956129 10.386548618792
1.32 2.72002785707793 9.79913769070673
1.33 2.22101337402243 9.03076075647502
1.34 1.85845460368419 8.18147538528553
1.35 1.5956811250082 7.32062269439905
1.36 1.40532698974113 6.49168693053334
1.37 1.2678093687616 5.71925473766213
1.38 1.16937186684697 5.01517177569873
1.39 1.1004059782213 4.38316514936858
1.4 1.05419380848557 3.82204857710347
1.41 1.02602057373991 3.32784613254465
1.42 1.01256447882441 2.89515675244973
1.43 1.01148136130018 2.51800789536467
1.44 1.0211221228934 2.19037363466645
1.45 1.04033967165879 1.90647575618126
1.46 1.06835611798578 1.660946359707
1.47 1.10467070785373 1.44890334902199
1.48 1.14899551435171 1.26597222457534
1.49 1.20121023173179 1.10827579629347
1.5 1.26133026275172 0.972405719306204
1.51 1.32948416726589 0.855384716114965
1.52 1.40589778427078 0.754625058484665
1.53 1.49088316998417 0.667886736600324
1.54 1.58483105279185 0.593237348113672
1.55 1.68820588366713 0.529014838878786
1.56 1.80154281729452 0.473793652476807
1.57 1.92544613309828 0.426354486784682
1.58 2.06058872161268 0.385657640273185
1.59 2.20771233607276 0.350819810677027
1.6 2.36762835156725 0.321094152968398
1.61 2.54121878997694 0.295853392230975
1.62 2.72943736012767 0.274575808012448
1.63 2.93331022785849 0.256833953848903
1.64 3.15393616541534 0.242286047576447
1.65 3.3924856249593 0.230670068095061
1.66 3.65019812260815 0.221800731010117
1.67 3.92837708469555 0.215569704497599
1.68 4.22838096187309 0.211949693109441
1.69 4.55160890535004 0.211003401222917
1.7 4.89947853941372 0.21289895274865
1.71 5.27339222529601 0.217934189350954
1.72 5.67468648979809 0.226573553491518
1.73 6.10455666803666 0.239503234369045
1.74 6.56394478117743 0.257713306836159
1.75 7.05337245436776 0.282620336212742
1.76 7.57269107902377 0.316251279533941
1.77 8.12070667381748 0.361520805450102
1.78 8.69461461816998 0.42265103043732
1.79 9.28914703625914 0.505806479856127
1.8 9.8952922781603 0.620046530233887
1.81 10.4983989591487 0.778721706608
1.82 11.075459019873 1.00142005615565
1.83 11.5914738629146 1.31639713318377
1.84 11.9952859013652 1.76284774027105
1.85 12.2165656207302 2.39095706707354
1.86 12.1682802832267 3.25505291401745
1.87 11.7622440338489 4.39258639432681
1.88 10.9444101693516 5.78500387102625
1.89 9.74187249982104 7.31557076196113
1.9 8.28647374049462 8.7674041696332
1.91 6.7770836360877 9.89601895914824
1.92 5.39632801768661 10.5376678704397
1.93 4.24823049636565 10.6657162602739
1.94 3.35424014743413 10.3638282671655
1.95 2.68544553654746 9.76198010486742
1.96 2.19550884420005 8.98578299666554
1.97 1.83969143051869 8.13357377420699
1.98 1.58184327828946 7.27305052573924
1.99 1.39508536996438 6.44641684746812
2 1.26021806598625 5.67735865820725
2.01 1.16376480909615 4.97712715359623
2.02 1.09631472193981 4.34907591507404
2.03 1.05128774793702 3.79179551629628
2.04 1.02406517207438 3.30118567575305
2.05 1.01139258079314 2.87178419524958
2.06 1.01097358292682 2.49759684805742
2.07 1.02119341810847 2.17259987691423
2.08 1.040930077207 1.8910309927859
2.09 1.06942432908921 1.64754551567936
2.1 1.10618958333904 1.43728779234624
2.11 1.15094890847548 1.25591047658992
2.12 1.20359074777657 1.09956274382565
2.13 1.26413765439836 0.964860983910221
2.14 1.33272420069033 0.848850599994958
2.15 1.4095814319927 0.748964331788675
2.16 1.49502604657744 0.662980429143244
2.17 1.58945302906467 0.588982642144366
2.18 1.69333083400052 0.52532311638146
2.19 1.80719846720772 0.470588722869592
2.2 1.931663982562 0.423571003580047
2.21 2.06740402530804 0.383239704870473
2.22 2.21516412543487 0.348719755701685
2.23 2.37575948550717 0.319271494970072
2.24 2.55007602188329 0.294273943154936
2.25 2.73907140817169 0.273210936100589
2.26 2.94377583366336 0.255659987235815
2.27 3.16529212251458 0.241283817802852
2.28 3.40479475263855 0.229824596297726
2.29 3.66352715184951 0.22110106719655
2.29999999999999 3.94279640968552 0.215008941011633
2.30999999999999 4.24396419081536 0.211525188669289
2.31999999999999 4.56843211491024 0.210717274205184
2.32999999999999 4.91761909296639 0.212758935569591
2.33999999999999 5.29292694831814 0.217954986005622
2.34999999999999 5.69568889375247 0.2267789193326
2.35999999999999 6.12709275712862 0.239929116598735
2.36999999999999 6.58806673321685 0.258412570554888
2.37999999999999 7.07910908878015 0.283669892536052
2.38999999999999 7.60003343718428 0.317762886919836
2.39999999999999 8.14958613076274 0.363657513679614
2.40999999999999 8.72486957896853 0.425652273409443
2.41999999999999 9.32047231052013 0.510026252962435
2.42999999999999 9.92716270729917 0.626010735937123
2.43999999999999 10.5299564948742 0.787211670434037
2.44999999999999 11.10535289203 1.01358631475932
2.45999999999999 11.6176542797712 1.33389273209517
2.46999999999999 12.0147901269709 1.78792592068878
2.47999999999999 12.2254300493026 2.42637812562333
2.48999999999999 12.1618786738139 3.30348762078022
2.49999999999999 11.7364865754758 4.45513340379845
2.50999999999999 10.8979479162057 5.85890653178674
2.51999999999999 9.67828833568617 7.39260002448158
2.52999999999999 8.21422459543456 8.83540705277346
2.53999999999999 6.70618269462754 9.94397253110405
2.54999999999999 5.33420649591164 10.5604277071745
2.55999999999999 4.19800705383317 10.6647364087251
2.56999999999999 3.31564959683482 10.3445375939776
2.57999999999999 2.65660233322181 9.73074737457108
2.58999999999999 2.17419848182146 8.94811250042978
2.59999999999999 1.82397367707225 8.0935216187542
2.60999999999999 1.57021387572022 7.23330567499527
2.61999999999999 1.38644415139094 6.40860757742283
2.62999999999999 1.25378179403487 5.64236872779308
2.63999999999999 1.15898144962294 4.94534931251894
2.64999999999999 1.09279553109012 4.32059441105083
2.65999999999999 1.04875794428063 3.76651023874715
2.66999999999999 1.02232947996917 3.27889372171735
2.67999999999999 1.01031155257823 2.85223209599372
2.68999999999999 1.01044739881374 2.4805131849573
2.69999999999999 1.02115077702265 2.15771502362729
2.70999999999999 1.04132053402956 1.8780885137799
2.71999999999999 1.070212969112 1.6363082215979
2.72999999999999 1.10735329151125 1.42754042365667
2.73999999999999 1.15247373647581 1.24746030436719
2.74999999999999 1.20547004472502 1.09223892647412
2.75999999999999 1.26637073484706 0.95851322248673
2.76999999999998 1.33531539520197 0.843347439994007
2.77999999999998 1.41253941354153 0.74419133113092
2.78999999999998 1.4983633582946 0.65883832795204
2.79999999999998 1.59318576076537 0.58538561480939
2.80999999999998 1.69747840990383 0.522197150607572
2.81999999999998 1.81178351752783 0.467870147439487
2.82999999999998 1.93671227867298 0.421205172149654
2.83999999999998 2.07294446291522 0.381179834433885
2.84999999999998 2.22122874323469 0.346925913531479
2.85999999999998 2.38238350855814 0.317709725627483
2.86999999999998 2.5572979195412 0.292915526784411
2.87999999999998 2.74693295601816 0.272031770203546
2.88999999999998 2.95232216729603 0.254640086230631
2.89999999999998 3.17457176813751 0.240406927901773
2.90999999999998 3.41485961466574 0.229077927755365
2.91999999999998 3.67443243051463 0.220475152244914
2.92999999999998 3.9546004108386 0.214497634563738
2.93999999999998 4.25672797397 0.211125841408217
2.94999999999998 4.58221890151677 0.210431125993025
2.95999999999998 4.9324933206577 0.212591804413509
2.96999999999998 5.30895280194607 0.217918369201565
2.97999999999998 5.71292806003825 0.226891686992884
2.98999999999998 6.14560102026316 0.240220076501368
2.99999999999998 6.60788882778713 0.258924337638661
3.00999999999998 7.100270913263 0.28446473839923
3.01999999999998 7.6225302436257 0.318931622601326
3.02999999999998 8.17336455335579 0.365333040457808
3.03999999999998 8.74980022760183 0.428030300943542
3.04999999999998 9.34630802229775 0.513396877792909
3.05999999999998 9.95347544918305 0.630805949518034
3.06999999999998 10.556043935393 0.79407462661094
3.07999999999998 11.1301060629256 1.02346572763787
3.08999999999998 11.6393868902855 1.34815323575443
3.09999999999998 12.031062450042 1.80842788550786
3.10999999999998 12.2329798054196 2.45539654997724
3.11999999999998 12.1569096694926 3.34320944283698
3.12999999999998 11.7156725702411 4.50642090248925
3.13999999999998 10.8602536091953 5.91941919609984
3.14999999999998 9.62673501113273 7.45551755808116
3.15999999999998 8.15576342099372 8.89079180740038
3.16999999999998 6.6489295535979 9.98293978936319
3.17999999999998 5.28410668044628 10.578938001385
3.18999999999998 4.15750886968592 10.6640697347951
3.19999999999998 3.28450051479999 10.3291222934758
3.20999999999998 2.6332736861723 9.70572238079154
3.21999999999998 2.15691200977423 8.91790031769241
3.22999999999998 1.81117596812314 8.0613761797721
3.23999999999997 1.5607013599625 7.20138438244069
3.24999999999997 1.37933612728967 6.37821871955248
3.25999999999997 1.24845052733702 5.61422466039605
3.26999999999997 1.15498379830485 4.91976901975958
3.27999999999997 1.08981884152024 4.29764930446525
3.28999999999997 1.04658074390275 3.74612340532962
3.29999999999997 1.02079399600884 3.26090521851872
3.30999999999997 1.00930480470341 2.83644083161831
3.31999999999997 1.00988824505423 2.46670313289789
3.32999999999997 1.02098101746145 2.14567113470199
3.33999999999997 1.04149876503154 1.86760594082316
3.34999999999997 1.07071030539681 1.6271972528617
3.35999999999997 1.10815036450403 1.41962870190541
3.36999999999997 1.1535585724325 1.24059336434611
3.37999999999997 1.20683655565402 1.08627972404139
3.38999999999997 1.26801764115893 0.953341091859853
3.39999999999997 1.33724545619728 0.838856759520097
3.40999999999997 1.41475888013553 0.740290075192472
3.41999999999997 1.5008815882074 0.655446614975006
3.42999999999997 1.59601495396593 0.582434316974521
3.43999999999997 1.7006334341143 0.519626601965421
3.44999999999997 1.8152818018537 0.465628968533876
3.45999999999997 1.94057375909198 0.419249217543534
3.46999999999997 2.07719156719445 0.379471262433203
3.47999999999997 2.22588640534206 0.345432373409119
3.48999999999997 2.38747920409283 0.316403655768132
3.49999999999997 2.56286171429131 0.291773556764609
3.50999999999997 2.75299755951275 0.271034220504797
3.51999999999997 2.95892298209604 0.253770560866152
3.52999999999997 3.18174692343127 0.239651997693227
3.53999999999997 3.42264996917443 0.228426905462989
3.54999999999997 3.68288152423557 0.21991996556508
3.55999999999997 3.96375433691345 0.214032809755139
3.56999999999997 4.26663512963765 0.21074861996728
3.57999999999997 4.5929295586316 0.210141750935264
3.58999999999997 4.94405892838467 0.212394033823729
3.59999999999997 5.32142489187927 0.217820306768951
3.60999999999997 5.72635655903754 0.226907068603275
3.61999999999997 6.16003167591106 0.240370228775429
3.62999999999997 6.62335929514535 0.259241144724596
3.63999999999997 7.11680480750687 0.284995142624995
3.64999999999997 7.64012808190431 0.319744481041322
3.65999999999997 8.19198991874317 0.366529617096185
3.66999999999997 8.76935859343125 0.429760357284423
3.67999999999997 9.36661438442146 0.51588327304294
3.68999999999997 9.97420524386526 0.634381765304125
3.69999999999997 10.5766601275843 0.799237470708592
3.70999999999996 11.1497555378492 1.03095200203649
3.71999999999996 11.6567663815922 1.35902536317246
3.72999999999996 12.0442796277568 1.82413813474641
3.73999999999996 12.2394977262562 2.4777250120655
3.74999999999996 12.1537715218595 3.37387131115104
3.75999999999996 11.7002861081822 4.54609931481325
3.76999999999996 10.8318095100175 5.96630258472162
3.77999999999996 9.58756773624256 7.50432222484039
3.78999999999996 8.11122800769802 8.93384700623774
3.79999999999996 6.60525062782725 10.0134204891126
3.80999999999996 5.24582665948394 10.5937565982314
3.81999999999996 4.12649733420918 10.6642037953587
3.82999999999996 3.26057489428092 10.3179415932077
3.83999999999996 2.61528362925805 9.68713465611614
3.84999999999996 2.14351603622758 8.8952713413778
3.85999999999996 1.801200013618 8.03718788264113
3.86999999999996 1.55323384616698 7.17728844792233
3.87999999999996 1.373708422346 6.35522264927433
3.88999999999996 1.244184806863 5.59288261857493
3.89999999999996 1.15174179775491 4.90033487542729
3.90999999999996 1.08736117918737 4.28018707431389
3.91999999999996 1.04473728963535 3.73058265298355
3.92999999999996 1.01944310319409 3.2471708221441
3.93999999999996 1.00835898752989 2.82436502765078
3.94999999999996 1.00928434270155 2.45612566482753
3.95999999999996 1.02067342391047 2.1364315579026
3.96999999999996 1.04145474152659 1.85955081794366
3.97999999999996 1.07090671018158 1.62018405840049
3.98999999999996 1.10857135289979 1.41352763602394
3.99999999999996 1.15419396707272 1.23528786405339
4.00999999999996 1.20768068435729 1.08166618720861
4.01999999999996 1.26906850484099 0.949328149375717
4.02999999999996 1.33850413251927 0.83536431189685
4.03999999999996 1.41622909763586 0.737248231321017
4.04999999999996 1.50256942530249 0.652794618842423
4.05999999999996 1.59792863058448 0.580119514011729
4.06999999999996 1.70278317291107 0.517603474359098
4.07999999999996 1.81767974228048 0.463858254391998
4.08999999999996 1.94323391197081 0.417697119641542
4.09999999999996 2.08012980042158 0.378108746651739
4.10999999999996 2.22912045332636 0.344234553748634
4.11999999999996 2.39102869473429 0.315349261226066
4.12999999999996 2.5667482078649 0.290844474892054
4.13999999999996 2.75724459378888 0.270215112818079
4.14999999999996 2.96355611737231 0.253048546316092
4.15999999999996 3.18679377975741 0.239016402054431
4.16999999999996 3.42814024570598 0.22786907688058
4.17999999999996 3.68884698698559 0.219433159808393
4.18999999999996 3.97022875560235 0.213612153383603
4.19999999999995 4.27365413595351 0.210391166289652
4.20999999999995 4.60053038556938 0.209846653431907
4.21999999999995 4.95227997116931 0.212162876352574
4.22999999999995 5.33030500171086 0.217657652193171
4.23999999999995 5.73593393582176 0.226821321964975
4.24999999999995 6.17034215614854 0.240374965026339
4.25999999999995 6.63443372172395 0.259357135872642
4.26999999999995 7.12866499629923 0.285253453193062
4.27999999999995 7.65278063022717 0.320191211833784
4.28999999999995 8.20541668018203 0.36723320535315
4.29999999999995 8.78350200161324 0.430822835407639
4.30999999999995 9.38135487273379 0.517457583027763
4.31999999999995 9.98932677755741 0.636698056720855
4.32999999999995 10.591798639237 0.802641857735909
4.33999999999995 11.1643250550753 1.03596009605891
4.34999999999995 11.669862386798 1.36638619961552
4.35999999999995 12.0545768635612 1.83488352417558
4.36999999999995 12.2452039732107 2.49313230842414
4.37999999999995 12.1527769283976 3.39519361334242
4.38999999999995 11.6907088718594 4.57388639177035
4.39999999999995 10.8129968725687 5.99936130951247
4.40999999999995 9.56106936771379 7.53900547366423
4.41999999999995 8.08073351258768 8.96478964843347
4.42999999999995 6.57509910230103 10.0357950531245
4.43999999999995 5.21922147591191 10.605309586159
4.44999999999995 4.10479867184394 10.6655128435686
4.45999999999995 3.24371319283214 10.3112740178301
4.46999999999995 2.60250302051607 9.67516565948908
4.47999999999995 2.13391242637834 8.88032836856654
4.48999999999995 1.79397332451738 8.02100314774736
4.49999999999995 1.54775817885466 7.16102707212234
4.50999999999995 1.36952182347533 6.33960564523875
4.51999999999995 1.24095527280363 5.57831585460005
4.52999999999995 1.14923299916764 4.88701363581803
4.53999999999995 1.08540493605689 4.26817213351542
4.54999999999995 1.04321336647602 3.71985259361226
4.55999999999995 1.01826496371403 3.23765682344854
4.56999999999995 1.00746392091663 2.81597344634487
4.57999999999995 1.00862665265927 2.44875237014784
4.58999999999995 1.02021972102878 2.12997079447958
4.59999999999995 1.04118067083348 1.85390048030924
4.60999999999995 1.07079465914738 1.61524863709635
4.61999999999995 1.10860883306459 1.40921967131931
4.62999999999995 1.15437246240134 1.23152845942236
4.63999999999995 1.20799482625264 1.0783849458731
4.64999999999995 1.26951547834969 0.946462771846397
4.65999999999995 1.33908324812128 0.832860009218291
4.66999999999994 1.41694148311508 0.735057053462982
4.67999999999994 1.50341780583435 0.650874760997564
4.68999999999994 1.59891717450523 0.578434639263386
4.69999999999994 1.70391738706506 0.516122075167906
4.70999999999994 1.81896640530527 0.462553064889116
4.71999999999994 1.94468103698951 0.41654458398965
4.72999999999994 2.08174662077169 0.377088544524485
4.73999999999994 2.23091742643118 0.343329181468816
4.74999999999994 2.3930175201866 0.31454366574783
4.75999999999994 2.56894185634548 0.290125737254286
4.76999999999994 2.75965734363302 0.26957217770799
4.77999999999994 2.96620359542614 0.252471994834187
4.78999999999994 3.1896930025862 0.238498265614549
4.79999999999994 3.43130965611822 0.227402691435577
4.80999999999994 3.69230647903152 0.219013061369766
4.81999999999994 3.97399967838139 0.21323401831525
4.82999999999994 4.27775926222515 0.210051803469299
4.83999999999994 4.60499382451834 0.209544060692881
4.84999999999994 4.95712699447081 0.211896381624617
4.85999999999994 5.33556173626521 0.21742817204412
4.86999999999994 5.74162685194269 0.226631789388839
4.87999999999994 6.17649724136704 0.240231008528995
4.88999999999994 6.64107516925731 0.259268139988099
4.89999999999994 7.1358131400508 0.285234207456948
4.90999999999994 7.6604487034591 0.320264478069154
4.91999999999994 8.21360573004061 0.367433727322305
4.92999999999994 8.79219291049933 0.431203614015024
4.93999999999994 9.39049586712912 0.518099675502856
4.94999999999994 9.99881402157853 0.637725714138499
4.95999999999994 10.6014466434042 0.804245290838884
4.96999999999994 11.1738233111905 1.03842779643377
4.97999999999994 11.6787168185286 1.3701453903316
4.98999999999994 12.0620440890927 1.8405360677862
4.99999999999994 12.2502514274201 2.50144635906282
5.00999999999994 12.1541484466317 3.40696618346532
5.01999999999994 11.6872174781961 4.58956610522563
5.02999999999994 10.8040974154315 6.01843782201484
5.03999999999994 9.54745648003259 7.55954110110183
5.04999999999994 8.06438057910418 8.98375490962072
5.05999999999994 6.55846147788949 10.0503187056579
5.06999999999994 5.2042063944432 10.6138908603494
5.07999999999994 4.09230449952488 10.6682609153271
5.08999999999994 3.23381350316127 10.3093216180831
5.09999999999994 2.59484831771882 9.66995267705403
5.10999999999994 2.12803716453933 8.87315513407899
5.11999999999994 1.78944831181234 8.01286653586793
5.12999999999994 1.54423926922318 7.15261828274642
5.13999999999993 1.36675030964716 6.33136879174238
5.14999999999993 1.23874233675531 5.57051525266767
5.15999999999993 1.14744233572922 4.87979051656048
5.16999999999993 1.08393821441532 4.26158697753093
5.17999999999993 1.04199929549397 3.71391486533869
5.18999999999993 1.01725144778572 3.23234513997389
5.19999999999993 1.00661254798937 2.81124894389531
5.20999999999993 1.00790884755919 2.44456739338862
5.21999999999993 1.01961405897494 2.12627442954563
5.22999999999993 1.04067099185443 1.85064198270017
5.23999999999993 1.07036873505307 1.61237946822
5.24999999999993 1.10825741733163 1.40669462408941
5.25999999999993 1.15408860740473 1.22930619473319
5.26999999999993 1.2077733889158 1.07642815487679
5.27999999999993 1.26935276000654 0.944738107104526
5.28999999999993 1.33897673109261 0.831337879512322
5.29999999999993 1.41688963785164 0.733711344575661
5.30999999999993 1.50341995024631 0.649682522927666
5.31999999999993 1.59897337246026 0.577375765640044
5.32999999999993 1.70402837677564 0.515178990766671
5.33999999999993 1.81913355096112 0.461710430561314
5.34999999999993 1.94490629886917 0.415789023948414
5.35999999999993 2.08203254042393 0.376408398072998
5.36999999999993 2.23126712450936 0.342714279424439
5.37999999999993 2.39343470525685 0.313985130679446
5.38999999999993 2.56943084354603 0.289615805983783
5.39999999999993 2.76022308248737 0.269104044176827
5.40999999999993 2.96685170644044 0.252039671299786
5.41999999999993 3.19042982250809 0.238096460152835
5.42999999999993 3.43214229190674 0.227026699848129
5.43999999999993 3.69324287067282 0.218658671815176
5.44999999999993 3.97504867064926 0.212897427320032
5.45999999999993 4.2789306852601 0.20972954247607
5.46999999999993 4.60629858255422 0.209232933078673
5.47999999999993 4.95857716094635 0.211593411366519
5.48999999999993 5.33717065151152 0.217130567274057
5.49999999999993 5.74340921592084 0.226336927586694
5.50999999999993 6.17846918727437 0.239936456157483
5.51999999999993 6.64325429198055 0.258971729933684
5.52999999999993 7.1382184324372 0.284934216185374
5.53999999999993 7.66310031617474 0.319959977063576
5.54999999999993 8.21652440511729 0.367125240793377
5.55999999999993 8.79539882366458 0.430894314930526
5.56999999999993 9.39400641601122 0.517797522629632
5.57999999999993 10.0026397676843 0.637447210978828
5.58999999999993 10.6055841061691 0.804021959385169
5.59999999999993 11.1782426410125 1.03831693838488
5.60999999999992 11.683341855209 1.37024684685549
5.61999999999992 12.0667231204811 1.84101513805564
5.62999999999992 12.2547221191732 2.50255660666432
5.63999999999992 12.158014854188 3.40905000622581
5.64999999999992 11.6899811850232 4.59298809243181
5.65999999999992 10.805294025468 6.02340819192136
5.66999999999992 9.54688345913447 7.56587786395717
5.67999999999992 8.06226103082529 8.99078857461854
5.68999999999992 6.5553622960522 10.0571168848098
5.69999999999992 5.20075941959068 10.6196613271227
5.70999999999992 4.08897247732618 10.6726035708256
5.71999999999992 3.23083120973864 10.3122126336711
5.72999999999992 2.5922809111481 9.67159138301056
5.73999999999992 2.12585969809552 8.87381836835731
5.74999999999992 1.78760175555124 8.01282225631084
5.75999999999992 1.54265970088717 7.15208998290538
5.76999999999992 1.36538077140996 6.33052868340657
5.77999999999992 1.23753598665459 5.56948979071826
5.78999999999992 1.1463619888297 4.87866948802507
5.79999999999992 1.08295473627074 4.26043236780911
5.80999999999992 1.04108987359095 3.71276824156747
5.81999999999992 1.01639809490919 3.23123337615602
5.82999999999992 1.00580091182686 2.81018849898629
5.83999999999992 1.00712729974719 2.44356744262315
5.84999999999992 1.01885300987657 2.12533912805148
5.85999999999992 1.0399223781087 1.84977208815461
5.86999999999992 1.06962563602634 1.61157349611307
5.87999999999992 1.10751376666623 1.40594966453484
5.88999999999992 1.15333897450207 1.22861848515555
5.89999999999992 1.20701281193983 1.07579347704902
5.90999999999992 1.26857661703845 0.94415205805969
5.91999999999992 1.33818063976336 0.830796052088394
5.92999999999992 1.41606937646601 0.733209443389752
5.93999999999992 1.50257139536898 0.649216434366763
5.94999999999992 1.59809244937156 0.576941595228959
5.95999999999992 1.70311102027872 0.514773077471263
5.96999999999992 1.81817567484736 0.461329344802966
5.97999999999992 1.94390377300954 0.415429554053113
5.98999999999992 2.08098117501588 0.376067528343076
5.99999999999992 2.23016266152461 0.342389161846487
6.00999999999992 2.39227281765175 0.313673051349059
6.01999999999992 2.56820714336092 0.289314146541847
6.02999999999992 2.75893313962575 0.268810237831846
6.03999999999992 2.96549108074857 0.251751152279136
6.04999999999992 3.18899411285551 0.237810604600077
6.05999999999992 3.4306272074167 0.226740755164183
6.06999999999992 3.69164433123673 0.2183696700973
6.07999999999991 3.97336294662663 0.212602076700999
6.08999999999991 4.27715459017423 0.209424087540495
6.09999999999991 4.60442973818299 0.208912971738969
6.10999999999991 4.95661436227923 0.211253650022977
6.11999999999991 5.33511437081138 0.216764487863884
6.12999999999991 5.74126230241414 0.225936327890595
6.13999999999991 6.17623784452361 0.23949080645743
6.14999999999991 6.64094945278614 0.258467261859101
6.15999999999991 7.13585770688858 0.284352619283305
6.16999999999991 7.66071076979266 0.319276520287138
6.17999999999991 8.21414653932046 0.366306055368228
6.18999999999991 8.79309228467776 0.429892473817625
6.19999999999991 9.39185813694327 0.516547454458391
6.20999999999991 10.0007753794758 0.635856982274675
6.21999999999991 10.6041833073711 0.801963303548311
6.22999999999991 11.1775581944265 1.03561423636764
6.23999999999991 11.6837186357924 1.36666992835439
6.24999999999991 12.0686057507702 1.83628903152082
6.25999999999991 12.2586247341665 2.49641581812238
6.26999999999991 12.1644084309227 3.4013787212041
6.27999999999991 11.6990598231254 4.58406785530633
6.28999999999991 10.8166704572575 6.01417998212436
6.29999999999991 9.55944441625556 7.55793510044628
6.30999999999991 8.07446109952548 8.98584207298254
6.31999999999991 6.56586714924908 10.0561816950603
6.32999999999991 5.20892320338667 10.6226475255391
6.33999999999991 4.09482714692563 10.6785881688378
6.34999999999991 3.23477917558066 10.3200025567592
6.35999999999991 2.59480702570345 9.68013707392743
6.36999999999991 2.12738276137625 8.8823689082677
6.37999999999991 1.78843463776525 8.02091506629341
6.38999999999991 1.54301959789602 7.15948064490847
6.39999999999991 1.36541291515315 6.33711794951417
6.40999999999991 1.23733572079451 5.57526693439041
6.41999999999991 1.14599134446637 4.88367357187514
6.42999999999991 1.08245381600492 4.26472755631529
6.43999999999991 1.04048435782368 3.71642880227135
6.44999999999991 1.01570410661437 3.23433495505465
6.45999999999991 1.00502815439079 2.81280331491057
6.46999999999991 1.0062810848707 2.44576186923212
6.47999999999991 1.01793557504887 2.12717269752534
6.48999999999991 1.03893374790042 1.85129731763523
6.49999999999991 1.06856418823747 1.61283616973851
6.50999999999991 1.10637660556855 1.40698934842578
6.51999999999991 1.15212217651737 1.2294691422332
6.52999999999991 1.2057115859013 1.07648410381599
6.53999999999991 1.26718540652505 0.944707299444669
6.5499999999999 1.33669318566702 0.831236771209615
6.5599999999999 1.41447875196967 0.733553235626818
6.5699999999999 1.50087002165641 0.649478082547929
6.5799999999999 1.59627209790054 0.57713346697029
6.5899999999999 1.70116280585777 0.514905467950314
6.5999999999999 1.81609004277046 0.461410769265313
6.6099999999999 1.9416704829465 0.415466994603791
6.6199999999999 2.07858928412219 0.3760666393548
6.6299999999999 2.22760050927252 0.342354437793269
6.6399999999999 2.38952801517827 0.313607960139774
6.6499999999999 2.5652665706988 0.289221230519493
6.6599999999999 2.75578295508458 0.268691183511736
6.6699999999999 2.96211674804105 0.25160682857154
6.6799999999999 3.18538045347094 0.237641067600801
6.6899999999999 3.42675848846061 0.226545215438835
6.6999999999999 3.68750440282959 0.218146415482096
6.7099999999999 3.96893544850743 0.212348339613885
6.7199999999999 4.27242325517505 0.209135840058843
6.7299999999999 4.59937883192612 0.208584623359974
6.7399999999999 4.95122931563304 0.210877610699209
6.7499999999999 5.32938268714362 0.216330540457842
6.7599999999999 5.73517485985366 0.225430726294611
6.7699999999999 6.16979077098954 0.238894973142167
6.7799999999999 6.63414683872782 0.257755893712097
6.7899999999999 7.12871555289658 0.283490911679736
6.7999999999999 7.65326276566375 0.318216070254284
6.8099999999999 8.20645256698233 0.364978785989238
6.8199999999999 8.78525096005251 0.4282016191847
6.8299999999999 9.38402526224985 0.51435427733068
6.8399999999999 9.99319077364357 0.632961604289479
6.8499999999999 10.5972087152852 0.798078288681797
6.8599999999999 11.1717276408299 1.03033170236298
6.8699999999999 11.6797967045553 1.35943006879269
6.8799999999999 12.067632827236 1.82637587121302
6.8899999999999 12.2618932370994 2.48304127984295
6.8999999999999 12.1732631630814 3.38395997240573
6.9099999999999 11.7144018766822 4.56278784296907
6.9199999999999 10.838209877664 5.99069240463186
6.9299999999999 9.58517277419825 7.53560149277296
6.9399999999999 8.10106213122835 8.96877010624071
6.9499999999999 6.59008401662274 10.0473692747645
6.9599999999999 5.22880641642184 10.6227395272027
6.9699999999999 4.10996101703224 10.6861525820589
6.9799999999999 3.24572849277594 10.3326735549591
6.9899999999999 2.60247820740356 9.69560456685304
6.9999999999999 2.13264268476524 8.89884186547713
7.00999999999989 1.7919723404323 8.03719057079462
7.01999999999989 1.54533675469749 7.17483965898896
7.02999999999989 1.36685935142158 6.35118560632831
7.03999999999989 1.23815061027441 5.58789296995074
7.04999999999989 1.14633703932389 4.89484514425347
7.05999999999989 1.08244039589348 4.27451055553031
7.06999999999989 1.04018649400449 3.72493017101067
7.07999999999989 1.01517237048709 3.24167932442712
7.08999999999989 1.00429653753191 2.81911899754231
7.09999999999989 1.00537200092801 2.4511728208744
7.10999999999989 1.01686320283748 2.13179421909719
7.11999999999989 1.03770628150255 1.85523406196769
7.12999999999989 1.0671853628385 1.61618153813137
7.13999999999989 1.10484673909301 1.40982569837895
7.14999999999989 1.15043888404454 1.2318684430208
7.15999999999989 1.20387027029671 1.07850881396786
7.16999999999989 1.26517959410602 0.946411327744178
7.17999999999989 1.33451475320191 0.832666438500588
7.18999999999989 1.41211807655435 0.734748190015286
7.19999999999989 1.49831607527288 0.650472142792139
7.20999999999989 1.59351250200214 0.577955382641045
7.21999999999989 1.69818385703821 0.515579593303662
7.22999999999989 1.81287671775777 0.461957652623322
7.23999999999989 1.93820642937267 0.415903887624119
7.24999999999989 2.07485680248014 0.376407931679781
7.25999999999989 2.22358053102213 0.342612022706459
7.26999999999989 2.38520008202717 0.313791536328542
7.27999999999989 2.56060882065122 0.289338544014997
7.28999999999989 2.75077212197961 0.268748212417116
7.29999999999989 2.95672818311569 0.251607911271081
7.30999999999989 3.17958818020139 0.23758897265282
7.31999999999989 3.42053530589793 0.226441148071819
7.32999999999989 3.68082205837632 0.21798995117175
7.33999999999989 3.96176490937391 0.212137269043079
7.34999999999989 4.26473511981585 0.208865900960611
7.35999999999989 4.59114394043655 0.208249081931553
7.36999999999989 4.94241964422545 0.210466636299451
7.37999999999989 5.31997265082465 0.215830288798496
7.38999999999989 5.72514320611976 0.224822003049197
7.39999999999989 6.15912333636846 0.238151283624257
7.40999999999989 6.62284057572257 0.256840582367596
7.41999999999989 7.11678444227696 0.282352938556314
7.42999999999989 7.64074654471621 0.316783733151056
7.43999999999989 8.19342967814941 0.363150342039634
7.44999999999989 8.7718578128956 0.425831256883696
7.45999999999989 9.37048483393654 0.511231252924386
7.46999999999989 9.97985463829645 0.628779768640925
7.47999999999988 10.5846172268997 0.792393379521726
7.48999999999988 11.1606914192249 1.02250663700334
7.49999999999988 11.6714942324526 1.34857882944363
7.50999999999988 12.0636943490903 1.81134382097899
7.51999999999988 12.2643866524078 2.46251536466566
7.52999999999988 12.1844138985359 3.35687660175173
7.53999999999988 11.7358427050073 4.529199462196
7.54999999999988 10.8697921942472 5.95291885721056
7.55999999999988 9.62403842885172 7.4987370891662
7.56999999999988 8.14213868763277 8.93933093769641
7.57999999999988 6.62816289078973 10.030398073106
7.58999999999988 5.26058458942265 10.6196880586404
7.59999999999988 4.13453592026196 10.6951222880165
7.60999999999988 3.26380982163166 10.350132201204
7.61999999999988 2.61539241347549 9.71796672637145
7.62999999999988 2.14171020226469 8.92325583212757
7.63999999999988 1.79826521715795 8.06169491250989
7.64999999999988 1.54964703366553 7.19822733270179
7.65999999999988 1.36974587093021 6.3727972366725
7.66999999999988 1.23999949227734 5.60743327741064
7.67999999999988 1.14741309812409 4.91224624778006
7.68999999999988 1.08292514556764 4.28983845649535
7.69999999999988 1.04020459031146 3.73832382034047
7.70999999999988 1.01480951597401 3.25331223970339
7.71999999999988 1.00361148641303 2.82917581153347
7.72999999999988 1.00440460300769 2.4598354698083
7.73999999999988 1.01563981723256 2.13923424871513
7.74999999999988 1.03624344544332 1.86160875772902
7.75999999999988 1.06549229720755 1.62163240321418
7.76999999999988 1.10292707198735 1.41447833601431
7.77999999999988 1.14829184317855 1.23583324396836
7.78999999999988 1.20149151039674 1.08188207152583
7.79999999999988 1.26256177037368 0.949276545114176
7.80999999999988 1.3316479158963 0.835095684782313
7.81999999999988 1.40898993800756 0.736803419695433
7.82999999999988 1.49491218489809 0.652206430937256
7.83999999999988 1.58981635433307 0.579414051575599
7.84999999999988 1.6941769507965 0.516801221172299
7.85999999999988 1.80853857925676 0.462974963020808
7.86999999999988 1.93351461051443 0.416744524452216
7.87999999999988 2.06978686173556 0.377095125868682
7.88999999999988 2.21810600483044 0.343165158260902
7.89999999999988 2.37929245386956 0.314226622850661
7.90999999999988 2.55423749560393 0.289668601722507
7.91999999999988 2.74390441589017 0.268983573857792
7.92999999999988 2.9493293378265 0.2517564414379
7.93999999999988 3.17162141974697 0.237656205901772
7.94999999999987 3.41196195377422 0.226430335858282
7.95999999999987 3.67160174351493 0.217902008674184
7.96999999999987 3.95185589940876 0.211970600472241
7.97999999999987 4.2540948362198 0.208616071565307
7.98999999999987 4.57972973360858 0.207908287549872
7.99999999999987 4.93018994144748 0.21002289586551
8.00999999999987 5.30688864211278 0.21526624695319
8.01999999999987 5.71117131161026 0.224113171784361
8.02999999999987 6.14423881841799 0.237263462539758
8.03999999999987 6.60703284173795 0.25572605930699
8.04999999999987 7.10006486465647 0.28094485981216
8.05999999999987 7.62316005292758 0.314987707037051
8.06999999999987 8.17507202516305 0.360831851756905
8.07999999999987 8.75290136669118 0.422796759668652
8.08999999999987 9.35121704765951 0.507199937174166
8.09999999999987 9.96073488875092 0.623342049494021
8.10999999999987 10.5663587755416 0.78495221141764
8.11999999999987 11.1443735385879 1.01220118793274
8.12999999999987 11.6586990254774 1.3342033656007
8.13999999999987 12.0566306069513 1.79131059041775
8.14999999999987 12.2658900413064 2.4349854337457
8.15999999999987 12.1975965134012 3.32028763513484
8.16999999999987 11.7631029733356 4.48342597097793
8.17999999999987 10.9111902010633 5.90087185143243
8.18999999999987 9.67594244108433 7.44717868961296
8.19999999999987 8.19775393054313 8.89718950465071
8.20999999999987 6.68029358278733 10.0048481579895
8.21999999999987 5.3045003630205 10.6131008773295
8.22999999999987 4.16878463032636 10.7052057961839
8.23999999999987 3.28921533487115 10.3722054448584
8.24999999999987 2.63369572994449 9.7471515588721
8.25999999999987 2.15469177916065 8.95561107730111
8.26999999999987 1.80738955518845 8.09447382105967
8.27999999999987 1.55600504203187 7.22971452241201
8.28999999999987 1.37411191643705 6.40203498669124
8.29999999999987 1.24291129972758 5.63397253923551
8.30999999999987 1.14924116602145 4.93595891113109
8.31999999999987 1.08392462799943 4.31078779563222
8.32999999999987 1.04055163768709 3.75667944739955
8.33999999999987 1.01462600320339 3.26929612616526
8.34999999999987 1.00298165621484 2.8430290172093
8.35999999999987 1.00338625432704 2.47179831901443
8.36999999999987 1.01427185768158 2.14953509087135
8.37999999999987 1.03455102419272 1.87045812921444
8.38999999999987 1.06349032070099 1.62922053189435
8.39999999999987 1.10062263008335 1.42097466669528
8.40999999999987 1.14568589369015 1.24138714105301
8.41999999999986 1.19858005305319 1.08662416401874
8.42999999999986 1.25933666495103 0.953320378429163
8.43999999999986 1.32809744924855 0.838539472317848
8.44999999999986 1.40509921170076 0.739731769861212
8.45999999999986 1.49066337317467 0.654691978336047
8.46999999999986 1.58518886741783 0.581518954748166
8.47999999999986 1.68914752866783 0.518578510415622
8.48999999999986 1.80308133438485 0.464469734652422
8.49999999999986 1.92760103371127 0.41799498535574
8.50999999999986 2.06338580253524 0.378133496064641
8.51999999999986 2.21118363633551 0.344018440795517
8.52999999999986 2.37181223155048 0.314917250236222
8.53999999999986 2.54616012005158 0.290214966943554
8.54999999999986 2.73518781104683 0.269400451799854
8.55999999999986 2.9399286589398 0.252055303538472
8.56999999999986 3.16148910954101 0.237845426731245
8.57999999999986 3.40104787166304 0.226515284881164
8.58999999999986 3.65985340194985 0.217885013035797
8.59999999999986 3.93921885496331 0.211850754361644
8.60999999999986 4.240513302779 0.208388853042001
8.61999999999986 4.56514751412219 0.207564922377775
8.62999999999986 4.91455181788954 0.209549376256317
8.63999999999986 5.29014242795726 0.214641865505608
8.64999999999986 5.69327086883097 0.223308358387938
8.65999999999986 6.12514848979396 0.236236600573878
8.66999999999986 6.5867339771848 0.254418785282723
8.67999999999986 7.07856547057395 0.279275084392666
8.68999999999986 7.60050913054694 0.312839186540473
8.69999999999986 8.15138097778743 0.358038523309291
8.70999999999986 8.72837605553514 0.419119163786408
8.71999999999986 9.32620574076094 0.50228988188431
8.72999999999986 9.93579935413452 0.616690467641925
8.73999999999986 10.5423772974392 0.775814963187498
8.74999999999986 11.1226829192492 0.999501479353422
8.75999999999986 11.6412703135821 1.3164253063978
8.76999999999986 12.0462343700119 1.76644221399494
8.77999999999986 12.2661167119081 2.40066302351265
8.78999999999986 12.2124491803164 3.27442895994748
8.79999999999986 11.7957874367548 4.42566611769532
8.80999999999986 10.9620646763277 5.83461024572823
8.81999999999986 9.7407092742551 7.38074867785147
8.82999999999986 8.26795215020586 8.841923601833
8.83999999999986 6.74670150983198 9.97016181119839
8.84999999999986 5.360863008115 10.6024385276931
8.85999999999986 4.21301268893934 10.7159884024325
8.86999999999986 3.32220127341219 10.3986347458882
8.87999999999986 2.65758474530559 9.78303778411479
8.88999999999985 2.1717314903325 8.99588665985421
8.89999999999985 1.81944895283242 8.13557096869672
8.90999999999985 1.56448510671211 7.26938186294025
8.91999999999985 1.38001126345682 6.43899735966504
8.92999999999985 1.24692553625663 5.66761487381941
8.93999999999985 1.15185084215127 4.96608547130761
8.94999999999985 1.0854615361993 4.33745496907941
8.95999999999985 1.04124547992058 3.78008542054246
8.96999999999985 1.01463624684102 3.28971052234934
8.97999999999985 1.0024190235472 2.86074929074077
8.98999999999985 1.0023271945805 2.48712358889045
8.99999999999985 1.0127683308249 2.16275114758437
9.00999999999985 1.03263715976953 1.88182949908406
9.01999999999985 1.06118698528748 1.63898692983768
9.02999999999985 1.09794058420555 1.42935011901365
9.03999999999985 1.14262798783084 1.24856067808182
9.04999999999985 1.19514276158425 1.09276138286533
9.05999999999985 1.25551115833365 0.958565434941673
9.06999999999985 1.32387034018298 0.843017228760139
9.07999999999985 1.40045306815983 0.743549932757783
9.08999999999985 1.48557706278152 0.6579431303894
9.09999999999985 1.57963777853271 0.584282429049525
9.10999999999985 1.68310370069192 0.520922083071743
9.11999999999985 1.79651352114923 0.466451129097382
9.12999999999985 1.92047471809782 0.419663191699336
9.13999999999985 2.05566317684713 0.379529914256406
9.14999999999985 2.2028235608897 0.345177858715925
9.15999999999985 2.36277018322006 0.315868668055863
9.16999999999985 2.53638814293364 0.29098227781437
9.17999999999985 2.7246344831148 0.27000298646904
9.18999999999985 2.92853909166118 0.252508242882341
9.19999999999985 3.14920500239275 0.238160081354101
9.20999999999985 3.38780765090282 0.226699234436318
9.21999999999985 3.64559248390958 0.217942089121905
9.22999999999985 3.92387009006948 0.211780838619168
9.23999999999985 4.22400767984463 0.208187444672156
9.24999999999985 4.54741523884572 0.207222403991727
9.25999999999985 4.89552393057711 0.209049869445796
9.26999999999985 5.269753202033 0.213961511066837
9.27999999999985 5.67146134742802 0.222412770112473
9.28999999999985 6.10187169409413 0.235077109243008
9.29999999999985 6.56196259068552 0.25292688489867
9.30999999999985 7.0523032197309 0.277354175830456
9.31999999999985 7.57280772167518 0.310352226026715
9.32999999999985 8.12236542213086 0.354789445467164
9.33999999999985 8.69828265406966 0.414824876940775
9.34999999999985 9.29543901474556 0.496538205392772
9.35999999999984 9.90501668121379 0.608877860515582
9.36999999999984 10.5126120386765 0.765057443632395
9.37999999999984 11.0955152519627 0.984516326535753
9.38999999999984 11.6190412961278 1.29539905755089
9.39999999999984 12.0322541095467 1.73695109472394
9.40999999999984 12.264711693161 2.35982225818471
9.41999999999984 12.2285148537763 3.21961354731233
9.42999999999984 11.8333842954069 4.35619829545264
9.43999999999984 11.0219586736825 5.75424858929569
9.44999999999984 9.81807666699556 7.29926734323929
9.45999999999984 8.35274828206479 8.77303346566914
9.46999999999984 6.82764118655247 9.92564581009744
9.47999999999984 5.4300469957529 10.5870097127318
9.48999999999984 4.26760034535895 10.7269243019578
9.49999999999984 3.36309110696939 10.4290682844159
9.50999999999984 2.68730961274364 9.8254487651676
9.51999999999984 2.19301348900989 9.04403635320402
9.52999999999984 1.83457614648689 8.18502555581472
9.53999999999984 1.57518257277245 7.31731854450722
9.54999999999984 1.38751292808349 6.48379877562266
9.55999999999984 1.25209290910905 5.70848387595837
9.56999999999984 1.15528012299204 5.00274888960376
9.57999999999984 1.08756500657443 4.36995669103442
9.58999999999984 1.04230903752668 3.80864929679758
9.59999999999984 1.01485877785328 3.31465260633693
9.60999999999984 1.00193900459315 2.88242323024514
9.61999999999984 1.00124062704566 2.50588768760465
9.62999999999984 1.01114087519841 2.17894934582587
9.63999999999984 1.03051240002941 1.89578117078468
9.64999999999984 1.05859210162155 1.65098217981308
9.65999999999984 1.09489027700937 1.43964844166233
9.66999999999984 1.13912721007119 1.25739160553937
9.67999999999984 1.19118862996082 1.10032624796804
9.68999999999984 1.25109429165679 0.965039696406015
9.69999999999984 1.31897579323496 0.848553014420144
9.70999999999984 1.39506097629349 0.748278591441404
9.71999999999984 1.47966307717773 0.661977669832988
9.72999999999984 1.57317334832674 0.587719772810115
9.73999999999984 1.6760562421932 0.523845114507738
9.74999999999984 1.78884650361302 0.468930512185825
9.75999999999984 1.91214768834576 0.421758971336659
9.76999999999984 2.04663174044674 0.381292905750326
9.77999999999984 2.19303933495237 0.346650839368835
9.78999999999984 2.35218073480139 0.317087384309257
9.79999999999984 2.52493692736848 0.291976280127145
9.80999999999984 2.71226079842506 0.270796301343684
9.81999999999984 2.91517806865627 0.253119887353569
9.82999999999983 3.13478765568041 0.238604419677966
9.83999999999983 3.37226102447354 0.226986169247923
9.84999999999983 3.6288399374001 0.218077069198147
9.85999999999983 3.90583179001877 0.211764651326809
9.86999999999983 4.20460138694225 0.208015741202592
9.87999999999983 4.52655752151265 0.206884876448729
9.88999999999983 4.87313199367204 0.208528955848895
9.89999999999983 5.24574760709697 0.213230439635086
9.90999999999983 5.6457700333901 0.221432655621749
9.91999999999983 6.0744359093994 0.233792662619514
9.92999999999983 6.5327456578769 0.251260062508963
9.93999999999983 7.02130353112766 0.275194731031552
9.94999999999983 7.54007809957744 0.307543564229076
9.95999999999983 8.08804209671255 0.351107332302221
9.96999999999983 8.66262877747396 0.409945304222577
9.97999999999983 9.25890997817193 0.489989042024034
9.98999999999983 9.86835743522551 0.599967072188496
9.99999999999983 10.476999174204 0.75276991102134
10.0099999999998 11.0627553374702 0.967375558979759
