-0,0
10,10,7,7
0.125,0.125
1.1432718908049346,1.1432718908049447,4.7790349088029655,4.7790349088029931
0.25,0.25
1.3211719186329635,1.3211719186329754,0.87149530316228829,0.87149530316229962
0.375,0.375
3.0140393798412614,3.0140393798412895,0.25177465183000014,0.25177465183000425
0.5,0.5
7.5043879810492999,7.5043879810493666,0.31229161962698759,0.31229161962699798
0.625,0.625
10.517880653867027,10.517880653867318,6.3544146565434029,6.3544146565437325
0.75,0.75
1.1761107113114297,1.1761107113114635,5.0547184068618582,5.0547184068620288
0.875,0.875
1.2920309669033993,1.292030966903442,0.91949331534080069,0.91949331534085666
1,1
2.9238938295455842,2.9238938295456789,0.2583309137322991,0.25833091373231121
1.125,1.125
7.2845020090993628,7.2845020090995796,0.29748183101159164,0.29748183101161996
1.25,1.25
10.97370595254698,10.973705952547612,5.7213427803963314,5.7213427803970501
1.375,1.375
1.2141970942334012,1.2141970942334704,5.3431275347972988,5.3431275347977634
1.5,1.5
1.2643210759939236,1.2643210759940103,0.97059787866383639,0.97059787866400771
1.625,1.625
2.8366885906882082,2.8366885906884059,0.26545274825637227,0.26545274825640692
1.75,1.75
7.0698194073105673,7.0698194073110408,0.28440996043848887,0.28440996043853851
1.875,1.875
11.360149853788827,11.360149853789997,5.1150110000764854,5.115011000078086
2,2
1.2581769390889958,1.2581769390891069,5.6441087086746399,5.6441087086755042
2.125,2.125
1.2380273031179953,1.2380273031181371,1.02500729884752,1.0250072988478678
2.25,2.25
2.7523411821532315,2.7523411821535695,0.27316396405683956,0.27316396405691579
2.375,2.375
6.8604025160015202,6.8604025160023366,0.27288220287379449,0.2728822028738665
2.5,2.5
11.673408049963324,11.673408049964908,4.5461440331569162,4.5461440331594308
2.625,2.625
1.308801255344286,1.3088012553446889,5.9573184701363537,5.957318470138227
2.75,2.75
1.2131376985252808,1.213137698525471,1.0829319260224929,1.0829319260229074
2.875,2.875
2.6707713680154494,2.6707713680159447,0.28149091267354164,0.28149091267361959
3,3
6.6562814356155071,6.6562814356167142,0.26273211255981709,0.26273211255991108
3.125,3.125
11.912969552594265,11.912969552596018,4.0218432923789002,4.0218432923821404
3.25,3.25
1.3669434308851806,1.3669434308858422,6.2821794156669659,6.2821794156698072
3.375,3.375
1.1896434872475165,1.189643487247778,1.1445947051570279,1.1445947051577861
3.5,3.5
2.591901165710829,2.5919011657115308,0.29046257208337028,0.29046257208355453
3.625,3.625
6.4574594601258628,6.4574594601275806,0.25381658746861524,0.25381658746873226
3.75,3.75
12.081101976125806,12.081101976127583,3.5458713502923546,3.5458713502965181
3.875,3.875
1.4336189489894441,1.433618948990814,6.6178284185664066,6.6178284185709258
4,4
1.167539280103234,1.1675392801035461,1.2102317200778589,1.2102317200784876
4.125,4.125
2.5156548481502989,2.515654848151196,0.30011064497209366,0.30011064497220281
4.25,4.25
6.263917654221605,6.2639176542238158,0.24601249338872213,0.24601249338885864
4.375,4.375
12.182187049619324,12.182187049620998,3.1191952408446965,3.119195240849809
4.5,4.5
1.5100075953294944,1.5100075953310191,6.9630563645778655,6.9630563645833057
4.625,4.625
1.1468233182485909,1.1468233182490382,1.2800927231931926,1.2800927231952635
4.75,4.75
2.4419589409210615,2.4419589409221949,0.31046967154842158,0.31046967154857508
4.875,4.875
6.0756187120555882,6.0756187120584029,0.23921382335571958,0.23921382335587466
5,5
12.222029947485054,12.222029947486709,2.7406415263726073,2.7406415263783957
5.125,5.125
1.5974779923417523,1.5974779923438354,7.3162388451573656,7.3162388451642891
5.25,5.25
1.1274977562735593,1.1274977562740103,1.3544416412171138,1.3544416412183891
5.375,5.375
2.3707422155902295,2.3707422155916294,0.32157715684201548,0.32157715684231642
5.5,5.5
5.892510212880837,5.8925102128843472,0.23332930521450598,0.23332930521467716
5.625,5.625
12.207231734400457,12.207231734403456,2.4075468979441483,2.4075468979505935
5.75,5.75
1.6976139613280147,1.6976139613320469,7.6752576887699355,7.6752576887797748
5.875,5.875
1.1095689896821239,1.1095689896826702,1.4335570449912056,1.43355704499379
6,6
2.3019356800154491,2.3019356800172135,0.33347371252597424,0.33347371252687197
6.125,6.125
5.7145273700049967,5.7145273700092858,0.22828038453802815,0.22828038453821523
6.25,6.25
12.144674794434536,12.144674794441381,2.1163303319787316,2.1163303319859015
6.375,6.375
1.8122416845912976,1.8122416845945617,8.0374139650726821,8.0374139650825498
6.5,6.5
1.0930480335931644,1.093048033593751,1.5177325689391962,1.5177325689417105
6.625,6.625
2.2354725664766159,2.2354725664786206,0.34620321339817411,0.3462032133989767
6.75,6.75
5.5415953536626654,5.5415953536676837,0.22399952225756286,0.22399952225775649
6.875,6.875
12.041137581595499,12.041137581602019,1.8629520314373075,1.8629520314446469
7,7
1.9434558466533853,1.9434558466623933,8.3993343074262121,8.3993343074416203
7.125,7.125
1.0779509606762323,1.0779509606768743,1.6072772625200548,1.6072772625231269
7.25,7.25
2.1712883183661806,2.1712883183684984,0.3598129687286688,0.35981296872971286
7.375,7.375
5.3736312551768632,5.3736312551826755,0.22042875650658311,0.22042875650678265
7.5,7.5
11.903032065026705,11.903032065034149,1.6432533645848046,1.6432533645923396
7.625,7.625
2.0936417882975928,2.093641788309185,8.7568742363087448,8.7568742363262846
7.75,7.75
1.0642994077403937,1.0642994077410939,1.7025158523754175,1.7025158523797764
7.875,7.875
2.1093205761162523,2.109320576118964,0.37435390875916385,0.37435390876088315
8,8
5.210545748750385,5.2105457487570411,0.2175184866418188,0.21751848664204685
8.125,8.125
11.736244801418161,11.736244801428079,1.453189504492367,1.4531895045000525
8.25,8.25
2.2654891212726777,2.2654891212802389,9.1050248197357355,9.1050248197509732
8.375,8.375
1.0521211620580683,1.0521211620588785,1.8037888893737659,1.8037888893810473
8.5,8.5
2.0495091629901249,2.0495091629930218,0.38988078668892667,0.38988078669000143
8.625,8.625
5.0522444980370346,5.0522444980444848,0.21522644444620006,0.21522644444639458
8.75,8.75
11.546058220536847,11.546058220551756,1.2889744802305524,1.2889744802384276
8.875,8.875
2.4619901622067481,2.4619901622202494,9.4378326509891401,9.437832651007474
9,9
1.041450840488677,1.0414508404894352,1.9114527494546351,1.9114527494611302
9.125,9.125
1.9917960713295517,1.9917960713327428,0.40645239653338405,0.40645239653421412
9.25,9.25
4.89862934699212,4.8986293470003926,0.21351682336944383,0.21351682336962824
9.375,9.375
11.337129480497543,11.337129480511715,1.1471599481251921,1.147159948132859
9.5,9.5
2.686413965069101,2.6864139650944483,9.7483478417562281,9.7483478417791432
9.625,9.625
1.0323306768258224,1.0323306768268446,2.0258794507801649,2.0258794507932941
9.75,9.75
1.9361254498246083,1.9361254498283156,0.42413180729104571,0.424131807293891
9.875,9.875
4.7495993281318948,4.749599328141188,0.21235954152216363,0.21235954152253476
10,10
11.113507613932291,11.113507613946477,1.0246669992348855,1.0246669992424081
