-0 10 7
0.125 1.14327189080493 4.77903490880297
0.25 1.32117191863296 0.871495303162288
0.375 3.01403937984126 0.25177465183
0.5 7.5043879810493 0.312291619626988
0.625 10.517880653867 6.3544146565434
0.75 1.17611071131143 5.05471840686186
0.875 1.2920309669034 0.919493315340801
1 2.92389382954558 0.258330913732299
1.125 7.28450200909936 0.297481831011592
1.25 10.973705952547 5.72134278039633
1.375 1.2141970942334 5.3431275347973
1.5 1.26432107599392 0.970597878663836
1.625 2.83668859068821 0.265452748256372
1.75 7.06981940731057 0.284409960438489
1.875 11.3601498537888 5.11501100007649
2 1.258176939089 5.64410870867464
2.125 1.238027303118 1.02500729884752
2.25 2.75234118215323 0.27316396405684
2.375 6.86040251600152 0.272882202873794
2.5 11.6734080499633 4.54614403315692
2.625 1.30880125534429 5.95731847013635
2.75 1.21313769852528 1.08293192602249
2.875 2.67077136801545 0.281490912673542
3 6.65628143561551 0.262732112559817
3.125 11.9129695525943 4.0218432923789
3.25 1.36694343088518 6.28217941566697
3.375 1.18964348724752 1.14459470515703
3.5 2.59190116571083 0.29046257208337
3.625 6.45745946012586 0.253816587468615
3.75 12.0811019761258 3.54587135029235
3.875 1.43361894898944 6.61782841856641
4 1.16753928010323 1.21023172007786
4.125 2.5156548481503 0.300110644972094
4.25 6.26391765422161 0.246012493388722
4.375 12.1821870496193 3.1191952408447
4.5 1.51000759532949 6.96305636457787
4.625 1.14682331824859 1.28009272319319
4.75 2.44195894092106 0.310469671548422
4.875 6.07561871205559 0.23921382335572
5 12.2220299474851 2.74064152637261
5.125 1.59747799234175 7.31623884515737
5.25 1.12749775627356 1.35444164121711
5.375 2.37074221559023 0.321577156842015
5.5 5.89251021288084 0.233329305214506
5.625 12.2072317344005 2.40754689794415
5.75 1.69761396132801 7.67525768876994
5.875 1.10956898968212 1.43355704499121
6 2.30193568001545 0.333473712525974
6.125 5.714527370005 0.228280384538028
6.25 12.1446747944345 2.11633033197873
6.375 1.8122416845913 8.03741396507268
6.5 1.09304803359316 1.5177325689392
6.625 2.23547256647662 0.346203213398174
6.75 5.54159535366267 0.223999522257563
6.875 12.0411375815955 1.86295203143731
7 1.94345584665339 8.39933430742621
7.125 1.07795096067623 1.60727726252005
7.25 2.17128831836618 0.359812968728669
7.375 5.37363125517686 0.220428756506583
7.5 11.9030320650267 1.6432533645848
7.625 2.09364178829759 8.75687423630874
7.75 1.06429940774039 1.70251585237542
7.875 2.10932057611625 0.374353908759164
8 5.21054574875039 0.217518486641819
8.125 11.7362448014182 1.45318950449237
8.25 2.26548912127268 9.10502481973574
8.375 1.05212116205807 1.80378888937377
8.5 2.04950916299012 0.389880786688927
8.625 5.05224449803703 0.2152264444462
8.75 11.5460582205368 1.28897448023055
8.875 2.46199016220675 9.43783265098914
9 1.04145084048868 1.91145274945464
9.125 1.99179607132955 0.406452396533384
9.25 4.89862934699212 0.213516823369444
9.375 11.3371294804975 1.14715994812519
9.5 2.6864139650691 9.74834784175623
9.625 1.03233067682582 2.02587945078016
9.75 1.93612544982461 0.424131807291046
9.875 4.74959932813189 0.212359541522164
10 11.1135076139323 1.02466699923489
