0 10 7
0.125 1.14327189080494 4.77903490880298
0.25 1.32117191863297 0.871495303162294
0.375 3.01403937984128 0.251774651830002
0.5 7.50438798104933 0.312291619626993
0.625 10.5178806538672 6.35441465654357
0.75 1.17611071131145 5.05471840686194
0.875 1.29203096690342 0.919493315340829
1 2.92389382954563 0.258330913732305
1.125 7.28450200909947 0.297481831011606
1.25 10.9737059525473 5.72134278039669
1.375 1.21419709423344 5.34312753479753
1.5 1.26432107599397 0.970597878663922
1.625 2.83668859068831 0.26545274825639
1.75 7.0698194073108 0.284409960438514
1.875 11.3601498537894 5.11501100007729
2 1.25817693908905 5.64410870867507
2.125 1.23802730311807 1.02500729884769
2.25 2.7523411821534 0.273163964056878
2.375 6.86040251600193 0.27288220287383
2.5 11.6734080499641 4.54614403315817
2.625 1.30880125534449 5.95731847013729
2.75 1.21313769852538 1.0829319260227
2.875 2.6707713680157 0.281490912673581
3 6.65628143561611 0.262732112559864
3.125 11.9129695525951 4.02184329238052
3.25 1.36694343088551 6.28217941566839
3.375 1.18964348724765 1.14459470515741
3.5 2.59190116571118 0.290462572083462
3.625 6.45745946012672 0.253816587468674
3.75 12.0811019761267 3.54587135029444
3.875 1.43361894899013 6.61782841856867
4 1.16753928010339 1.21023172007817
4.125 2.51565484815075 0.300110644972148
4.25 6.26391765422271 0.24601249338879
4.375 12.1821870496202 3.11919524084725
4.5 1.51000759533026 6.96305636458059
4.625 1.14682331824881 1.28009272319423
4.75 2.44195894092163 0.310469671548498
4.875 6.075618712057 0.239213823355797
5 12.2220299474859 2.7406415263755
5.125 1.59747799234279 7.31623884516083
5.25 1.12749775627378 1.35444164121775
5.375 2.37074221559093 0.321577156842166
5.5 5.89251021288259 0.233329305214592
5.625 12.207231734402 2.40754689794737
5.75 1.69761396133003 7.67525768877486
5.875 1.1095689896824 1.4335570449925
6 2.30193568001633 0.333473712526423
6.125 5.71452737000714 0.228280384538122
6.25 12.144674794438 2.11633033198232
6.375 1.81224168459293 8.03741396507762
6.5 1.09304803359346 1.51773256894045
6.625 2.23547256647762 0.346203213398575
6.75 5.54159535366517 0.22399952225766
6.875 12.0411375815988 1.86295203144098
7 1.94345584665789 8.39933430743392
7.125 1.07795096067655 1.60727726252159
7.25 2.17128831836734 0.359812968729191
7.375 5.37363125517977 0.220428756506683
7.5 11.9030320650304 1.64325336458857
7.625 2.09364178830339 8.75687423631751
7.75 1.06429940774074 1.7025158523776
7.875 2.10932057611761 0.374353908760024
8 5.21054574875371 0.217518486641933
8.125 11.7362448014231 1.45318950449621
8.25 2.26548912127646 9.10502481974335
8.375 1.05212116205847 1.80378888937741
8.5 2.04950916299157 0.389880786689464
8.625 5.05224449804076 0.215226444446297
8.75 11.5460582205443 1.28897448023449
8.875 2.4619901622135 9.43783265099831
9 1.04145084048906 1.91145274945788
9.125 1.99179607133115 0.406452396533799
9.25 4.89862934699626 0.213516823369536
9.375 11.3371294805046 1.14715994812903
9.5 2.68641396508177 9.74834784176769
9.625 1.03233067682633 2.02587945078673
9.75 1.93612544982646 0.424131807292468
9.875 4.74959932813654 0.212359541522349
10 11.1135076139394 1.02466699923865
