0 10 7
0.008 8.96 8.232
0.016 7.76323072 9.40687104
0.024 6.50741244039665 10.3891683378178
0.032 5.30132835769666 11.0565394023525
0.04 4.23386907166888 11.3400567963076
0.048 3.35254111447516 11.2434827213467
0.056 2.66244203156463 10.8306368284553
0.064 2.14077569628818 10.1937752922199
0.072 1.75404326727445 9.42419441490846
0.08 1.46957136206908 8.59608465157622
0.088 1.26044249332443 7.76249037630534
0.096 1.10629066751358 6.95778528929552
0.104 0.992357279863786 6.20217886146451
0.112 0.90815348951447 5.50601798042775
0.12 0.846267886229279 4.87316129339831
0.128 0.801453033179508 4.30339406417355
0.136 0.76997078988623 3.79407230215491
0.144 0.749137124101933 3.34120828576063
0.152 0.73700934405517 2.94017103393015
0.16 0.732171537471656 2.58612827784826
0.168 0.733586767454856 2.27431747039143
0.176 0.740494499741474 2.00020484909572
0.184 0.752338771186249 1.75957185287751
0.192 0.768717393527583 1.5485549180826
0.2 0.789345680304641 1.36365584509031
0.208 0.814030303426277 1.20173407062112
0.216 0.842650292042069 1.05998829885633
0.224 0.875143123942543 0.93593236620798
0.232 0.911494489280573 0.827368498266421
0.24 0.951730732751949 0.73235997297283
0.248 0.995913271798899 0.649204440663643
0.256 1.0441344895484 0.576408643402245
0.264 1.0965147414079 0.512664939381124
0.272 1.15320021293558 0.456829817340143
0.28 1.21436143674029 0.407904443407385
0.288 1.28019232646889 0.365017193187088
0.296 1.35090962232897 0.327408068080062
0.304 1.42675266912768 0.294414864983653
0.312 1.50798346728514 0.265460954648288
0.32 1.59488695165172 0.240044520565154
0.328 1.68777146358948 0.217729113561047
0.336 1.78696938962734 0.198135384717407
0.344 1.89283794574368 0.180933869077846
0.352 2.00576009043782 0.165838703708581
0.36 2.12614555254547 0.152602175281701
0.368 2.25443196143757 0.141010004002222
0.376 2.39108606793185 0.130877282142864
0.384 2.53660504397692 0.12204499658439
0.392 2.69151784789717 0.114377075601938
0.4 2.85638663959363 0.107757910807191
0.408 3.03180822636586 0.102090315866642
0.416 3.21841551462584 0.097293894685102
0.424 3.4168789352387 0.0933038036147002
0.432 3.62790779986641 0.0900699055309424
0.44 3.85225153155044 0.0875563291443726
0.448 4.09070069349663 0.08574146584497
0.456 4.34408771370937 0.0846184603246843
0.464 4.61328716705438 0.0841962824811126
0.472 4.89921542663825 0.0845015099473141
0.48 5.20282942751651 0.0855810077503603
0.488 5.52512418962412 0.0875057709722314
0.496 5.86712861171373 0.0903763080140023
0.504 6.22989885672173 0.0943301011822262
0.512 6.61450837580369 0.0995519102762927
0.52 7.02203322519074 0.1062880174157
0.528 7.45353075984936 0.114865998579286
0.536 7.9100089543916 0.125722326901357
0.544 8.3923823739153 0.139441183237375
0.552 8.9014089963643 0.156809452159969
0.56 9.4375993704955 0.178895293230428
0.568 10.0010855196446 0.207161318422082
0.576 10.5914308794162 0.243628906550152
0.584 11.2073533663239 0.291118463173448
0.592 11.8463199620508 0.353602764100343
0.6 12.5039510440301 0.436728493525837
0.608 13.1731439499861 0.548586204940678
0.616 13.8427866416653 0.700841152922345
0.624 14.4958867175415 0.910371052488815
0.632 15.1069042119167 1.20156996166025
0.64 15.6380980259262 1.60940796125214
0.648 16.0349023925031 2.18303175760837
0.656 16.2210233179516 2.98882562140828
0.664 16.0956053679448 4.10985265506644
0.672 15.5381105165409 5.63485199934006
0.68 14.4312307149572 7.6251918109582
0.688000000000001 12.7138478262407 10.0484730628119
0.696000000000001 10.46141990936 12.6896451787804
0.704000000000001 7.94490982237487 15.1103908879483
0.712000000000001 5.57216741935285 16.7761167756224
0.720000000000001 3.68528218250227 17.351694562185
0.728000000000001 2.38643886283261 16.8993190510301
0.736000000000001 1.57127034832304 15.7563512433229
0.744000000000001 1.07765195046221 14.2796762644891
0.752000000000001 0.777297171810296 12.7158355537113
0.760000000000001 0.589828598491644 11.2010426903962
0.768000000000001 0.469016941313794 9.79950679295426
0.776000000000001 0.388726792699913 8.53545412524613
0.784000000000001 0.333974274480448 7.4125234418137
0.792000000000001 0.295934416722019 6.4243390146261
0.800000000000001 0.269245826933399 5.56007205313171
0.808000000000001 0.250548931111023 4.8073265158089
0.816000000000001 0.237676770221226 4.15361455417362
0.824000000000001 0.229194858907868 3.58708502451597
0.832000000000001 0.224131935171944 3.09685330726038
0.840000000000001 0.221817889630151 2.67311775020528
0.848000000000001 0.221783546452479 2.30716304499439
0.856000000000001 0.223697114168726 1.99130567219081
0.864000000000001 0.227322945500399 1.71881203402883
0.872000000000001 0.232494204068337 1.48380631438747
0.880000000000001 0.239094400295389 1.28117744889343
0.888000000000001 0.24704470542273 1.10649021157486
0.896000000000001 0.256295105408865 0.955902902655976
0.904000000000001 0.266818154510308 0.826092668199815
0.912000000000001 0.278604519890562 0.714188652656916
0.920000000000001 0.291659780683124 0.617712724648232
0.928000000000001 0.306002119659738 0.534527274948361
0.936000000000001 0.321660659818358 0.462789474688602
0.944000000000001 0.338674274019885 0.400911347702574
0.952000000000001 0.357090746926049 0.347525021141547
0.960000000000001 0.376966203464318 0.301452553117162
0.968000000000001 0.398364742298678 0.261679783051433
0.976000000000001 0.421358229821632 0.227333702270909
0.984000000000001 0.446026222297392 0.197662894787663
0.992000000000001 0.472455992502413 0.172020648634256
1 0.500742643551814 0.149850385191928
1.008 0.530989297266692 0.130673097020875
1.016 0.563307347908749 0.11407652356055
1.024 0.597816774720216 0.0997058287740879
1.032 0.634646508694825 0.0872555755739323
1.04 0.673934850537642 0.076462818976155
1.048 0.71582993796857 0.0671011637148969
1.056 0.760490261473927 0.0589756528394606
1.064 0.808085228376695 0.0519183719393296
1.072 0.858795775726111 0.0457846694023234
1.08 0.912815033036364 0.0404499067900122
1.088 0.970349036358623 0.0358066652683414
1.096 1.03161749557025 0.0317623442901275
1.104 1.09685461712507 0.0282370975945898
1.112 1.16630998484017 0.0251620592488357
1.12 1.24024950160736 0.0224778190671172
1.128 1.31895639521675 0.0201331124460991
1.136 1.40273229177262 0.0180836945711856
1.144 1.49189836047016 0.0162913731874807
1.152 1.5867965337895 0.0147231777828262
1.16 1.68779080745269 0.0133506461812082
1.168 1.79526862478011 0.0121492122638565
1.176 1.9096423503758 0.0110976808848402
1.184 2.03135083836605 0.0101777780824999
1.192 2.1608611007085 0.00937376645591879
1.2 2.2986700813786 0.00867211711992156
1.208 2.44530654251885 0.00806123101195765
1.216 2.60133306889764 0.00753120353613322
1.224 2.76734819725571 0.00707362762875858
1.232 2.94398867730408 0.00668143135154545
1.24 3.13193187125361 0.0063487471008312
1.248 3.33189829877254 0.00607081050671542
1.256 3.5446543341372 0.00584388813613226
1.264 3.77101506200014 0.00566523427364775
1.272 4.01184729755753 0.00553307841906439
1.28 4.26807277582435 0.00544664682920544
1.288 4.54067151303587 0.00540622360744023
1.296 4.83068534061751 0.00541325974484582
1.304 5.13922160830917 0.00547054248540824
1.312 5.46745704731735 0.00558244293231532
1.32 5.81664177593882 0.00575526769251101
1.328 6.1881034176671 0.00599775172053248
1.336 6.58325128340771 0.00632174612622047
1.344 7.00358054210663 0.00674317926960692
1.352 7.45067626322247 0.00728340622676931
1.36 7.92621715282337 0.00797111739056883
1.368 8.43197871122674 0.00884506232275237
1.376 8.96983539569234 0.00995797741883352
1.384 9.54176114697694 0.0113823140567921
1.392 10.1498272846548 0.0132186951375673
1.4 10.7961962115309 0.0156085621601517
1.408 11.483108454677 0.0187533483982378
1.416 12.2128590741712 0.0229439617023414
1.424 12.9877569820172 0.0286067950851683
1.432 13.8100565144039 0.036376635876121
1.44 14.6818434097917 0.0472140290220595
1.448 15.604844852478 0.0625972562299945
1.456 16.5801112317167 0.0848415064259913
1.464 17.60747799182 0.117638141136148
1.472 18.6846451197512 0.166980200206249
1.48 19.8055832286262 0.24277395642867
1.488 20.9577418400633 0.36167946029625
1.496 22.1171176836415 0.55215713026134
1.504 23.2395222338781 0.863434478858966
1.512 24.2452723423918 1.38120566650935
1.52 24.9932647912159 2.25391869198397
1.528 25.2408468573746 3.73200357431033
1.536 24.5954867196784 6.20896084170057
1.544 22.5044999355366 10.2016677260973
1.552 18.4347855949872 16.0792973554376
1.56 12.5005702906935 23.2492673127518
1.568 6.32550838329366 29.2015040277212
1.576 2.29719631505324 30.9073469207576
1.584 0.740211036310169 28.7286967547105
1.592 0.277217381114543 25.2722539707248
1.6 0.126817500050851 21.8572384568805
1.608 0.0684086919152999 18.7984962899414
1.616 0.0419233152098108 16.1326642015073
1.624 0.028374372987387 13.831203269018
1.632 0.0207714915685121 11.8520684533329
1.64 0.0161924236701489 10.1532485205313
1.648 0.0132830019448923 8.69644171602829
1.656 0.0113607576159019 7.4478505841915
1.664 0.0100571286974048 6.37806772327581
1.672 0.00916130378362872 5.46167861265797
1.68 0.00854676089924238 4.67679804753728
1.688 0.00813443820432162 4.00461821588187
1.696 0.0078732345835824 3.42899560301597
1.704 0.00772918671448486 2.93608414935827
1.712 0.00767920964181598 2.51401422521387
1.72 0.00770734364422201 2.15261395733597
1.728 0.00780243118539133 1.84316845741567
1.736 0.0079566381000067 1.57821239778948
1.744 0.00816448858094742 1.35135164498441
1.752 0.00842222156834438 1.15711006714903
1.76 0.00872735325197064 0.990798071475234
1.768 0.0090783747855895 0.848399854615477
1.776 0.00947454056750949 0.726476742489992
1.784 0.00991571836299634 0.622084348639211
1.792 0.0104022824214489 0.532701591657537
1.8 0.010935036998755 0.456169884455741
1.808 0.0115151617371335 0.39064104460017
1.816 0.0121441730128764 0.334532679611657
1.824 0.0128238971399485 0.286489977675247
1.832 0.0135564525247772 0.245352986266182
1.84 0.0143442386997199 0.210128591959376
1.848 0.0151899307441651 0.179966527027009
1.856 0.0160964780138283 0.154138824865737
1.864 0.0170671063937806 0.132022229035648
1.872 0.0181053235046795 0.113083131652252
1.88 0.0192149264486233 0.0968646777081354
1.888 0.020400011797552 0.0829757240432081
1.896 0.0216649876146099 0.0710813863649667
1.904 0.0230145873654195 0.0608949460037787
1.912 0.0244538856274884 0.0521709208849919
1.92 0.02598831554607 0.0446991332929899
1.928 0.0276236880166828 0.0382996310645803
1.936 0.0293662126003181 0.0328183394571906
1.944 0.0312225201987299 0.0281233385860332
1.952 0.0331996875352793 0.0241016764378703
1.96 0.0353052635024936 0.020656640410875
1.968 0.0375472974514664 0.017705421411958
1.976 0.0399343695109781 0.0151771140318123
1.984 0.0424756230361641 0.0130110044425868
1.992 0.045180799297998 0.0111551046194951
2 0.0480602745360388 0.00956489744366256
2.008 0.051125099508016 0.0082022623428808
2.016 0.0543870416810458 0.00703455549281702
2.024 0.0578586302207256 0.00603382233906083
2.032 0.0615532039461593 0.00517612340049313
2.04 0.0654849624312097 0.00444095705416039
2.048 0.0696690204450668 0.00381076534734851
2.056 0.0741214659386175 0.00327051089057499
2.064 0.0788594217972112 0.00280731460430267
2.072 0.0839011115952767 0.00241014556389103
2.08 0.0892659296039685 0.00206955544723206
2.088 0.0949745153196417 0.0017774511681383
2.096 0.101048832798582 0.00152690020194873
2.104 0.107512255102094 0.00131196390033073
2.112 0.114389654175887 0.00112755476900429
2.12 0.121707496508742 0.000969314261470577
2.128 0.129493944937811 0.000833508137805816
2.136 0.137778966991666 0.00071693686218265
2.144 0.146594450187446 0.000616858876276981
2.152 0.155974324725335 0.00053092489690305
2.16 0.165954694052102 0.000457121652621789
2.168 0.17657397379582 0.000393723702132426
2.176 0.187873039606144 0.000339252172502576
2.184 0.199895384468854 0.000292439422441119
2.192 0.212687286099881 0.000252198778914645
2.2 0.226297985062902 0.000217598617913978
2.208 0.240779874295836 0.00018784016505553
2.216 0.256188700775618 0.000162238481490087
2.224 0.272583780097279 0.000140206177460754
2.232 0.290028224793188 0.000121239461661453
2.24 0.308589187271172 0.000104906190889102
2.248 0.328338118306539 9.0835632719029e-05
2.256 0.34935104208294 7.87096952305976e-05
2.264 0.371708848840711 6.82554131670185e-05
2.272 0.395497606259131 5.92385101847425e-05
2.28 0.42080889077118 5.14578827653851e-05
2.288 0.447740140086106 4.47408735533436e-05
2.296 0.476395028276776 3.89392208814173e-05
2.304 0.506883864875661 3.39255875139453e-05
2.312 0.539324019515713 2.9590585565289e-05
2.32 0.573840373750793 2.58402264773881e-05
2.328 0.610565801794879 2.2593735151671e-05
2.336 0.649641682030663 1.97816760744199e-05
2.344 0.691218441256593 1.73443467618913e-05
2.352 0.735456133767439 1.52304002628468e-05
2.36 0.782525057497564 1.33956639463742e-05
2.368 0.832606409598784 1.18021265044917e-05
2.376 0.885892983976478 1.041706912543e-05
2.384 0.94258991346917 9.21232024182622e-06
2.392 1.00291545952863 8.16361621147023e-06
2.4 1.06710185244046 7.25005281795106e-06
2.408 1.13539618531957 6.45361464552057e-06
2.416 1.2080613653222 5.7587712389671e-06
2.424 1.28537712573604 5.15213055001263e-06
2.432 1.36764110284481 4.62214153506016e-06
2.44 1.45516998171254 4.15883893789996e-06
2.448 1.54830071529852 3.75362429344106e-06
2.456 1.64739182159589 3.39907804889744e-06
2.464 1.7528247637873 3.08879843797524e-06
2.472 1.86500541873075 2.81726337946459e-06
2.48 1.98436563942845 2.57971221981987e-06
2.488 2.11136491749365 2.37204461340178e-06
2.496 2.2464921520152 2.19073424601485e-06
2.504 2.39026753162896 2.03275546789505e-06
2.512 2.54324453704131 1.89552122114699e-06
2.52 2.70601207171338 1.77683093299872e-06
2.528 2.87919672890801 1.67482730917773e-06
2.536 3.06346520382635 1.58796121057839e-06
2.544 3.2595268601193 1.51496404149135e-06
2.552 3.46813646065335 1.45482733104799e-06
2.56 3.69009707304221 1.40678946612148e-06
2.568 3.92626316112836 1.37032985312227e-06
2.576 4.17754387431396 1.34517117414173e-06
2.584 4.44490654740178 1.33129089621539e-06
2.592 4.72938042441637 1.32894384303507e-06
2.6 5.03206062073707 1.33869852152278e-06
2.608 5.35411233879035 1.36149112204569e-06
2.616 5.6967753535231 1.39870284577346e-06
2.624 6.06136878491428 1.45226870474064e-06
2.632 6.44929617588312 1.52482956947312e-06
2.64 6.86205089512178 1.61994459182984e-06
2.648 7.30122188562216 1.74238912217157e-06
2.656 7.76849978098431 1.89857531552508e-06
2.664 8.26568341298934 2.09715109162031e-06
2.672 8.79468673539537 2.34986171818822e-06
2.68 9.35754619046953 2.67280315662394e-06
2.688 9.95642854639848 3.08826762994661e-06
2.696 10.5936392354132 3.6274968029053e-06
2.704 11.2716312241982 4.33484582192993e-06
2.712 11.9930144498881 5.27417309616564e-06
2.72 12.7605658566033 6.53879566323061e-06
2.728 13.5772400688964 8.26724853359825e-06
2.736 14.4461807393917 1.06686501223567e-05
2.744 15.3707326078028 1.40642444379501e-05
2.752 16.3544543064364 1.89566809376536e-05
2.76 17.4011319414202 2.61477563929211e-05
2.768 18.5147934656577 3.69424973592311e-05
2.776 19.6997238318748 5.35102244182784e-05
2.784 20.9604808578353 7.95371246851416e-05
2.792 22.3019116214637 0.000121432142872887
2.8 23.7291689691833 0.000190607319686585
2.808 25.247727232332 0.000307894371111113
2.816 26.8633952080068 0.000512313840812993
2.824 28.582322201579 0.000878940301377245
2.832 30.4109878907627 0.00155628185445628
2.84 32.3561552421244 0.00284667546359005
2.848 34.424738598263 0.00538419333999681
2.856 36.6234734817928 0.010540051844378
2.864 38.9581114652063 0.0213747102738052
2.872 41.4314453586903 0.0449437390466459
2.88 44.0383678440019 0.0980585308167719
2.888 46.7531832824096 0.222124907190401
2.896 49.4961458965447 0.522460408473737
2.904 52.043264595452 1.27473896094902
2.912 53.7818356807256 3.21410701568601
2.92 53.0752193552227 8.28281401751978
2.928 45.9213412933559 21.1576782664649
2.936 25.5421719845462 49.2018194648733
2.944 -2.98444104182814 82.3318401731119
2.952 2.72170328017975 62.613190456604
2.96 -1.19405633024695 59.0501558579973
2.968 0.421745162320699 48.2906386175077
2.976 -0.0400553846262405 41.9885096397006
2.984 -0.00225414755830038 35.8883445426717
2.992 -0.000456870020696259 30.7178342045518
3 -0.000149292320850151 26.2940169892548
3.008 -6.46351536853813e-05 22.5075529269678
3.016 -3.38571041008516e-05 19.2664187525519
3.024 -2.03686352747681e-05 16.4920335784198
3.032 -1.36101427267998e-05 14.1171699936804
3.04 -9.86991109701533e-06 12.0842913662161
3.048 -7.63908425230473e-06 10.3441495928127
3.056 -6.23150971826167e-06 8.85458952281314
3.064 -5.30606728432734e-06 7.57952686584931
3.072 -4.68043608171878e-06 6.48807371020766
3.08 -4.25117564789021e-06 5.5537901241933
3.088 -3.95660759344806e-06 4.75404359078507
3.096 -3.75839324012753e-06 4.0694607117957
3.104 -3.63185920037143e-06 3.48345787986885
3.112 -3.56066390399261e-06 2.98183954032202
3.12 -3.5337305117988e-06 2.55245430676114
3.128 -3.54341680862334e-06 2.18490059795759
3.136 -3.58438716027986e-06 1.87027466410727
3.144 -3.65289701472442e-06 1.60095489795459
3.152 -3.74632746284806e-06 1.37041720550918
3.16 -3.86287566176893e-06 1.17307696362685
3.168 -4.00134489326992e-06 1.00415373585817
3.176 -4.16099979628638e-06 0.859555469319697
3.184 -4.34146514006304e-06 0.735779367286136
3.192 -4.54265425765467e-06 0.629827036177398
3.2 -4.76471805492511e-06 0.539131851413085
3.208 -5.00800854004641e-06 0.46149678260764
3.216 -5.2730527707253e-06 0.395041171954386
3.224 -5.56053439733993e-06 0.33815517653462
3.232 -5.87128083499146e-06 0.289460770943283
3.24 -6.20625467698481e-06 0.247778365543275
3.248 -6.56654836095163e-06 0.212098231696223
3.256 -6.9533813769556e-06 0.181556041763861
3.264 -7.36809950348857e-06 0.155411931352156
3.272 -7.81217569793027e-06 0.133032576594548
3.28 -8.28721236991209e-06 0.113875852308169
3.288 -8.79494484066128e-06 0.0974776993769649
3.296 -9.33724584672244e-06 0.0834408832327303
3.304 -9.9161309879428e-06 0.0714253711157598
3.312 -1.05337650511108e-05 0.0611400950106637
3.32 -1.11924691648768e-05 0.0523359007199954
3.328 -1.18947287605084e-05 0.0447995122717415
3.336 -1.26432023280511e-05 0.0383483654525132
3.344 -1.34407309696056e-05 0.0328261853122747
3.352 -1.42903487614474e-05 0.0280992005086536
3.36 -1.51952939451755e-05 0.0240529027858914
3.368 -1.61590209753932e-05 0.0205892730890134
3.376 -1.71852134579212e-05 0.0176244071177156
3.384 -1.82777980184669e-05 0.0150864828006302
3.392 -1.94409591471982e-05 0.0129140204534135
3.4 -2.06791550699614e-05 0.0110543934741718
3.408 -2.19971347020344e-05 0.00946255349883448
3.416 -2.339995574543e-05 0.00809993913423227
3.424 -2.48930039959228e-05 0.00693354183367987
3.432 -2.64820139312321e-05 0.00593510628653606
3.44 -2.81730906572143e-05 0.00508044595172072
3.448 -2.99727332945309e-05 0.00434885715445327
3.456 -3.18878598941259e-05 0.00372261755310366
3.464 -3.39258339759826e-05 0.00318655682685491
3.472 -3.60944927920968e-05 0.00272768918437667
3.48 -3.84021774214085e-05 0.00233489879128059
3.488 -4.08577648116352e-05 0.00199867049604986
3.496 -4.34707018905623e-05 0.00171085933145999
3.504 -4.62510418774149e-05 0.00146449320781756
3.512 -4.9209482933489e-05 0.00125360401839306
3.52 -5.23574093002992e-05 0.00107308306568988
3.528 -5.57069350831355e-05 0.000918557306347359
3.536 -5.92709508481625e-05 0.000786283416792948
3.544 -6.3063173212067e-05 0.00067305711345426
3.552 -6.70981976148234e-05 0.000576135530873092
3.56 -7.13915544784352e-05 0.000493170777382384
3.568 -7.59597689675729e-05 0.000422153058776011
3.576 -8.08204245819261e-05 0.000361361992179504
3.584 -8.59922308248581e-05 0.000309324930731907
3.592 -9.14950952086688e-05 0.000264781289521205
3.6 -9.73501998734805e-05 0.000226652008592094
3.608 -0.000103580083114543 0.000194013413287046
3.616 -0.000110208726131663 0.000166074838704096
3.624 -0.000117261645334575 0.000142159476238021
3.632 -0.00012476599055949 0.000121687978224415
3.64 -0.00013275064957479 0.000104164423519423
3.648 -0.000141246359278099 8.91643040399897e-05
3.656 -0.000150285824012698 7.63242412459648e-05
3.664 -0.000159903841458675 6.53331834520983e-05
3.672 -0.000170137436583382 5.59248707301319e-05
3.68 -0.000181026004166778 4.78713848677402e-05
3.688 -0.00019261146045028 4.0977628135889e-05
3.696 -0.000204938404492838 3.50765971159754e-05
3.704 -0.000218054289855376 3.00253370979358e-05
3.712 -0.000232009607274434 2.57014790469192e-05
3.72 -0.000246858079028237 2.20002752484809e-05
3.728 -0.000262656865743348 1.88320618224377e-05
3.736 -0.000279466786438034 1.6120086636156e-05
3.744 -0.000297352552649376 1.37986499996276e-05
3.752 -0.000316383017545405 1.18115131016396e-05
3.76 -0.00033663144098122 1.01105356322145e-05
3.768 -0.000358175771519437 8.65450958840189e-06
3.776 -0.000381098946500626 7.40816101293125e-06
3.784 -0.000405489211318849 6.34129548331371e-06
3.792 -0.00043144045913141 5.4280666512556e-06
3.8 -0.000459052592310518 4.64635011307261e-06
3.808 -0.000488431907028334 3.9772074433801e-06
3.816 -0.000519691502455867 3.40442740849285e-06
3.824 -0.000552951716150995 2.91413324560604e-06
3.832 -0.000588340587311659 2.49444649423943e-06
3.84 -0.000625994349677586 2.13519923637726e-06
3.848 -0.000666057955978008 1.8276877744139e-06
3.856 -0.000708685635944297 1.56446177982683e-06
3.864 -0.000754041490035654 1.33914380476085e-06
3.872 -0.000802300121163456 1.14627478423561e-06
3.88 -0.000853647306846163 9.81181786300936e-07
3.888 -0.000908280714382321 8.3986480641154e-07
3.896 -0.000966410661794798 7.18899863632075e-07
3.904 -0.00102826092747561 6.15356051189281e-07
3.912 -0.00109406961164813 5.26724531927339e-07
3.92 -0.00116409005296305 4.50857758584071e-07
3.928 -0.00123859180375654 3.85917446498939e-07
3.936 -0.0013178616677251 3.30330038389134e-07
3.944 -0.00140220480401161 2.8274858232365e-07
3.952 -0.00149194590195304 2.42020099383589e-07
3.96 -0.00158743043101209 2.07157650483698e-07
3.968 -0.0016890259707045 1.77316425666577e-07
3.976 -0.00179712362564178 1.51773276625054e-07
3.984 -0.00191213953113673 1.29909196620129e-07
3.992 -0.00203451645516777 1.111943233625e-07
4 -0.00216472550286907 9.5175101544521e-08
4.008 -0.00230326793010801 8.14632940270843e-08
4.016 -0.00245067707313176 6.97265754698205e-08
4.024 -0.00260752040171114 5.96804805279298e-08
4.032 -0.00277440170368582 5.108151155365e-08
4.04 -0.00295196340932042 4.37212388296786e-08
4.048 -0.0031408890644194 3.74212504062934e-08
4.056 -0.00334190596172138 3.20288291959094e-08
4.064 -0.00355578794070265 2.74132525969709e-08
4.072 -0.0037833583665682 2.34626250001911e-08
4.08 -0.00402549329989815 2.00811664395685e-08
4.088 -0.00428312486915155 1.718689170104e-08
4.096 -0.00455724485901052 1.47096236607857e-08
4.104 -0.00484890852837835 1.25892927222147e-08
4.112 -0.0051592386727295 1.07744811516927e-08
4.12 -0.00548942994645007 9.2211770460142e-09
4.128 -0.00584075346180802 7.89170774321478e-09
4.136 -0.00621456168225749 6.75382683557359e-09
4.144 -0.00661229362891464 5.77993266490024e-09
4.152 -0.00703548042024793 4.94639936557266e-09
4.16 -0.00748575116630859 4.23300424746181e-09
4.168 -0.00796483924019184 3.62243764489987e-09
4.176 -0.00847458895087167 3.09988335576231e-09
4.184 -0.00901696264309697 2.652659504941e-09
4.192 -0.00959404825168112 2.26991113041634e-09
4.2 -0.0102080673392661 1.9423470432552e-09
4.208 -0.0108613836485032 1.66201458552521e-09
4.216 -0.0115565122015742 1.42210682831221e-09
4.224 -0.0122961289820805 1.21679753799802e-09
4.232 -0.0130830812365746 1.0410999117432e-09
4.24 -0.0139203984353884 8.90745659021112e-10
4.248 -0.0148113039349557 7.6208149901877e-10
4.256 -0.015759227386522 6.51980565697502e-10
4.264 -0.0167678179390128 5.57766573517496e-10
4.272 -0.0178409582868851 4.77148906023546e-10
4.28 -0.0189827796170415 4.08167054156827e-10
4.288 -0.0201976775123462 3.49143057710692e-10
4.296 -0.0214903288729671 2.98640797276023e-10
4.304 -0.022865709920683 2.55431150021928e-10
4.312 -0.0243291153554665 2.18462164752175e-10
4.32 -0.0258861787380888 1.86833533309236e-10
4.328 -0.0275428941772104 1.59774739513106e-10
4.336 -0.0293056394044462 1.36626355943455e-10
4.344 -0.0311812003262347 1.16824035160544e-10
4.352 -0.0331767971470263 9.98848072608415e-11
4.36 -0.0353001121643565 8.53953515596463e-11
4.368 -0.0375593193428029 7.30019580394294e-11
4.376 -0.0399631157806765 6.24019351584027e-11
4.384 -0.04252075519058 5.33362556712831e-11
4.392 -0.0452420835227227 4.55832621227726e-11
4.4 -0.0481375768681274 3.8953279361023e-11
4.408 -0.0512183817876426 3.32840034056915e-11
4.416 -0.0544963582220108 2.84365548258686e-11
4.424 -0.0579841251481823 2.4292100893235e-11
4.432 -0.0616951091576321 2.07489645656234e-11
4.44 -0.0656435961436899 1.77201501598925e-11
4.448 -0.0698447862968581 1.51312256766856e-11
4.456 -0.0743148526198316 1.29185103880813e-11
4.464 -0.0790710031874778 1.10275237019398e-11
4.472 -0.0841315473914555 9.41165765328327e-12
4.48 -0.0895159664244896 8.03104079691002e-12
4.488 -0.0952449882756397 6.85156591804842e-12
4.496 -0.101340667525265 5.84405795175235e-12
4.504 -0.107826470246868 4.98356190321563e-12
4.512 -0.114727364342654 4.24873347269561e-12
4.52 -0.122069915660573 3.6213175808477e-12
4.528 -0.129882390262839 3.08570212339206e-12
4.536 -0.138194863239651 2.62853610986599e-12
4.544 -0.14703933448698 2.23840290402214e-12
4.552 -0.156449851894138 1.90554062109668e-12
4.56 -0.166462642415356 1.62160288212439e-12
4.568 -0.177116251529932 1.37945410547586e-12
4.576 -0.188451691627842 1.17299435459711e-12
4.584 -0.200512599892019 9.97009478882531e-13
4.592 -0.213345406285103 8.47042899116159e-13
4.6 -0.226999512287345 7.19285914876941e-13
4.608 -0.241527481073732 6.1048386147475e-13
4.616 -0.256985239862447 5.17855829284845e-13
4.624 -0.27343229521364 4.39025988123734e-13
4.632 -0.29093196210731 3.71964841559e-13
4.64 -0.309551607682176 3.14938977616434e-13
4.648 -0.329362910573833 2.66468089100693e-13
4.656 -0.350442136850556 2.25288213697353e-13
4.664 -0.372870433608989 1.90320295468443e-13
4.672 -0.396734141359963 1.60643298965919e-13
4.68 -0.422125126406999 1.35471218113851e-13
4.688 -0.449141134497046 1.1413341694319e-13
4.696 -0.477886167104855 9.60578205075344e-14
4.704 -0.508470881799565 8.07565438372401e-14
4.712 -0.541013018234736 6.78136062908854e-14
4.72 -0.575637851401759 5.68744295828598e-14
4.728 -0.61247867389147 4.76368613406951e-14
4.736 -0.651677309020524 3.98435033344414e-14
4.744 -0.693384656797837 3.32751554291638e-14
4.752 -0.737761274832898 2.77452136160955e-14
4.76 -0.784977996422203 2.30948838420043e-14
4.768 -0.835216588193223 1.91890933480869e-14
4.776 -0.888670449837589 1.59129983355076e-14
4.784 -0.945545358627194 1.3169001410744e-14
4.792 -1.00606026157933 1.08742047864229e-14
4.8 -1.07044811832041 8.95823592719737e-15
4.808 -1.13895679789292 7.36139149634531e-15
4.816 -1.21185003295806 6.03305330049675e-15
4.824 -1.28940843506738 4.93033663831178e-15
4.832 -1.37193057491169 4.01693719762174e-15
4.84 -1.45973413170604 3.26214755447885e-15
4.848 -1.55315711613523 2.64001852654e-15
4.856 -1.65255917156788 2.12864422475906e-15
4.864 -1.75832295854823 1.70955271922158e-15
4.872 -1.87085562789531 1.36718686221188e-15
4.88 -1.99059038808061 1.08846205851566e-15
4.888 -2.11798817291777 8.62389694522307e-16
4.896 -2.25353941598451 6.79756580960873e-16
4.904 -2.39776593860752 5.32852169351461e-16
4.912 -2.5512229586784 4.15236503941361e-16
4.92 -2.71450122803382 3.21542898505435e-16
4.928 -2.88822930662798 2.47310206149179e-16
4.936 -3.07307598225217 1.88840301736393e-16
4.944 -3.26975284511631 1.43077039222436e-16
4.952 -3.47901702720375 1.07503495780217e-16
4.96 -3.70167411694479 8.00547846341604e-17
4.968 -3.93858126042926 5.90441204718698e-17
4.976 -4.19065046109673 4.31001649981914e-17
4.984 -4.45885209060692 3.11139739961154e-17
4.992 -4.74421862440577 2.21941182846854e-17
5 -5.04784861636774 1.56287652734997e-17
5.008 -5.37091092781527 1.08536905569518e-17
5.016 -5.71464922719545 7.42534454972811e-18
5.024 -6.08038677773596 4.99823127079882e-18
5.032 -6.46953153151106 3.30596822921078e-18
5.04 -6.88358154952777 2.14549070177074e-18
5.048 -7.32413076869754 1.36394291401519e-18
5.056 -7.79287513789419 8.47864853971863e-19
5.064 -8.29161914671942 5.14338556893943e-19
5.072 -8.82228277210946 3.03803423061604e-19
5.08 -9.38690886952446 1.74288059568436e-19
5.088 -9.98767103717403 9.68377427596964e-20
5.096 -10.6268819835532 5.19432352049776e-20
5.104 -11.3070024305006 2.67995811637091e-20
5.112 -12.0306505860526 1.32437077367924e-20
5.12 -12.80061222356 6.23804037484946e-21
5.128 -13.6198514058678 2.78453901292366e-21
5.136 -14.4915218958433 1.16996515218707e-21
5.144 -15.4189792971773 4.58943750422767e-22
5.152 -16.4057939721967 1.66409636399087e-22
5.16 -17.4557647864173 5.50840180455678e-23
5.168 -18.572933732748 1.63828422471918e-23
5.176 -19.7616014916438 4.28683477443916e-24
5.184 -21.026343987109 9.58659511784319e-25
5.192 -22.372030002284 1.75585192926062e-25
5.2 -23.8038399224302 2.45986146135511e-26
5.208 -25.3272856774657 2.31908660281503e-27
5.216 -26.9482319608235 1.05580727200714e-28
5.224 -28.6729188063162 -6.69743186501481e-31
5.232 -30.5079856099205 4.12115765992274e-32
5.24 -32.4604966889554 -4.95592037830502e-33
5.248 -34.5379684770485 9.05624541153194e-34
5.256 -36.7483984595796 -2.25695212113363e-34
5.264 -39.1002959609927 7.221090115612e-35
5.272 -41.6027149024963 -2.85384320284183e-35
5.28 -44.265288656256 1.35639422298357e-35
5.288 -47.0982671302564 -7.60244363111531e-36
5.296 -50.1125562265928 4.95028972315682e-36
5.304 -53.3197598250948 -3.70084550384563e-36
5.312 -56.7322244539008 3.14657843798272e-36
5.32 -60.3630868189505 -3.01892547166089e-36
5.328 -64.2263243753633 3.24721292732411e-36
5.336 -68.3368091353866 -3.89419535936868e-36
5.344 -72.7103649200513 5.18230909267115e-36
5.352 -77.3638282749346 -7.62178614488531e-36
5.36 -82.3151132845304 1.2344568802736e-35
5.368 -87.5832805347404 -2.19496756471266e-35
5.376 -93.1886104889637 4.27286648412228e-35
5.384 -99.1526815602574 -9.08426598431835e-35
5.392 -105.498453180114 2.1047206952681e-34
5.4 -112.250354183641 -5.30379197211316e-34
5.408 -119.434376851394 1.45112349482249e-33
5.416 -127.078176969883 -4.30388725926528e-33
5.424 -135.211180295956 1.38176372033918e-32
5.432 -143.864695834897 -4.79576716793979e-32
5.44 -153.072036368331 1.79729540213842e-31
5.448 -162.868646695904 -7.265216484914e-31
5.456 -173.292240084442 3.16458059481364e-30
5.464 -184.382943449846 -1.48398313373359e-29
5.472 -196.183451830636 7.48558814081125e-29
5.48 -208.739192747797 -4.05858892057639e-28
5.488 -222.098501083656 2.36358182832272e-27
5.496 -236.31280515301 -1.47751093552451e-26
5.504 -251.436824682802 9.90820276136845e-26
5.512 -267.528781462502 -7.1239763736488e-25
5.52 -284.650623476102 5.48896752132739e-24
5.528 -302.868263378572 -4.5299460671693e-23
5.536 -322.251832234801 4.00256269204922e-22
5.544 -342.875949497828 -3.78484674923264e-21
5.552 -364.820010265689 3.8287624713758e-20
5.56 -388.168490922693 -4.14204725760929e-19
5.568 -413.011274341746 4.79043990136201e-18
5.576 -439.443995899617 -5.92115654706444e-17
5.584 -467.568411637193 7.81960241841665e-16
5.592 -497.492789981973 -1.10304790967065e-14
5.6 -529.33232854082 1.66160592154286e-13
5.608 -563.20959756743 -2.67230007413193e-12
5.616 -599.255011811782 4.58745927151432e-11
5.624 -637.607332567076 -8.404298958158e-10
5.632 -678.414201864229 1.64282484597653e-08
5.64 -721.832710516056 -3.42582445457926e-07
5.648 -768.030009923977 7.61994031245166e-06
5.656 -817.183790102884 -0.000180752301773897
5.664 -869.487097657893 0.00457192726275077
5.672 -925.038866345605 -0.123293846787635
5.68 -986.978592197959 3.5441116754641
5.688 -966.194125649623 -108.901035671144
5.696 -3553.29953231406 3273.80602362931
5.704 275406.811201193 -369447.65124854
5.712 2442254621.71426 -3256265032.34566
5.72 1.90863082393104e+17 -2.5448410918009e+17
5.728 1.1657189159562e+33 -1.5542918879416e+33
5.736 4.34848189125793e+64 -5.79797585501058e+64
5.744 6.05097432275142e+127 -8.06796576366856e+127
5.752 1.1716572881471e+254 -1.56220971752947e+254
5.76 inf -inf
5.768 inf -inf
5.776 inf -inf
5.784 inf -inf
5.792 inf -inf
5.8 inf -inf
5.808 inf -inf
5.816 inf -inf
5.824 inf -inf
5.832 inf -inf
5.84 inf -inf
5.848 inf -inf
5.856 inf -inf
5.864 inf -inf
5.872 inf -inf
5.88 inf -inf
5.888 inf -inf
5.896 inf -inf
5.904 inf -inf
5.912 inf -inf
5.92 inf -inf
5.928 inf -inf
5.936 inf -inf
5.944 inf -inf
5.952 inf -inf
5.96 inf -inf
5.968 inf -inf
5.976 inf -inf
5.984 inf -inf
5.992 inf -inf
6 inf -inf
6.008 inf -inf
6.016 inf -inf
6.024 inf -inf
6.032 inf -inf
6.04 inf -inf
6.048 inf -inf
6.056 inf -inf
6.064 inf -inf
6.072 inf -inf
6.08 inf -inf
6.088 inf -inf
6.096 inf -inf
6.104 inf -inf
6.112 inf -inf
6.12 inf -inf
6.128 inf -inf
6.136 inf -inf
6.144 inf -inf
6.152 inf -inf
6.16 inf -inf
6.168 inf -inf
6.176 inf -inf
6.184 inf -inf
6.192 inf -inf
6.2 inf -inf
6.208 inf -inf
6.216 inf -inf
6.224 inf -inf
6.232 inf -inf
6.24 inf -inf
6.248 inf -inf
6.256 inf -inf
6.264 inf -inf
6.272 inf -inf
6.28 inf -inf
6.288 inf -inf
6.296 inf -inf
6.304 inf -inf
6.312 inf -inf
6.32 inf -inf
6.328 inf -inf
6.336 inf -inf
6.344 inf -inf
6.352 inf -inf
6.36 inf -inf
6.368 inf -inf
6.376 inf -inf
6.384 inf -inf
6.392 inf -inf
6.4 inf -inf
6.408 inf -inf
6.416 inf -inf
6.424 inf -inf
6.432 inf -inf
6.44 inf -inf
6.448 inf -inf
6.456 inf -inf
6.464 inf -inf
6.472 inf -inf
6.48 inf -inf
6.488 inf -inf
6.496 inf -inf
6.504 inf -inf
6.512 inf -inf
6.52 inf -inf
6.528 inf -inf
6.536 inf -inf
6.544 inf -inf
6.552 inf -inf
6.56 inf -inf
6.568 inf -inf
6.576 inf -inf
6.584 inf -inf
6.592 inf -inf
6.6 inf -inf
6.608 inf -inf
6.616 inf -inf
6.624 inf -inf
6.63200000000001 inf -inf
6.64000000000001 inf -inf
6.64800000000001 inf -inf
6.65600000000001 inf -inf
6.66400000000001 inf -inf
6.67200000000001 inf -inf
6.68000000000001 inf -inf
6.68800000000001 inf -inf
6.69600000000001 inf -inf
6.70400000000001 inf -inf
6.71200000000001 inf -inf
6.72000000000001 inf -inf
6.72800000000001 inf -inf
6.73600000000001 inf -inf
6.74400000000001 inf -inf
6.75200000000001 inf -inf
6.76000000000001 inf -inf
6.76800000000001 inf -inf
6.77600000000001 inf -inf
6.78400000000001 inf -inf
6.79200000000001 inf -inf
6.80000000000001 inf -inf
6.80800000000001 inf -inf
6.81600000000001 inf -inf
6.82400000000001 inf -inf
6.83200000000001 inf -inf
6.84000000000001 inf -inf
6.84800000000001 inf -inf
6.85600000000001 inf -inf
6.86400000000001 inf -inf
6.87200000000001 inf -inf
6.88000000000001 inf -inf
6.88800000000001 inf -inf
6.89600000000001 inf -inf
6.90400000000001 inf -inf
6.91200000000001 inf -inf
6.92000000000001 inf -inf
6.92800000000001 inf -inf
6.93600000000001 inf -inf
6.94400000000001 inf -inf
6.95200000000001 inf -inf
6.96000000000001 inf -inf
6.96800000000001 inf -inf
6.97600000000001 inf -inf
6.98400000000001 inf -inf
6.99200000000001 inf -inf
7.00000000000001 inf -inf
7.00800000000001 inf -inf
7.01600000000001 inf -inf
7.02400000000001 inf -inf
7.03200000000001 inf -inf
7.04000000000001 inf -inf
7.04800000000001 inf -inf
7.05600000000001 inf -inf
7.06400000000001 inf -inf
7.07200000000001 inf -inf
7.08000000000001 inf -inf
7.08800000000001 inf -inf
7.09600000000001 inf -inf
7.10400000000001 inf -inf
7.11200000000001 inf -inf
7.12000000000001 inf -inf
7.12800000000001 inf -inf
7.13600000000001 inf -inf
7.14400000000001 inf -inf
7.15200000000001 inf -inf
7.16000000000001 inf -inf
7.16800000000001 inf -inf
7.17600000000001 inf -inf
7.18400000000001 inf -inf
7.19200000000001 inf -inf
7.20000000000001 inf -inf
7.20800000000001 inf -inf
7.21600000000001 inf -inf
7.22400000000001 inf -inf
7.23200000000001 inf -inf
7.24000000000001 inf -inf
7.24800000000001 inf -inf
7.25600000000001 inf -inf
7.26400000000001 inf -inf
7.27200000000001 inf -inf
7.28000000000001 inf -inf
7.28800000000001 inf -inf
7.29600000000001 inf -inf
7.30400000000001 inf -inf
7.31200000000001 inf -inf
7.32000000000001 inf -inf
7.32800000000001 inf -inf
7.33600000000001 inf -inf
7.34400000000001 inf -inf
7.35200000000001 inf -inf
7.36000000000001 inf -inf
7.36800000000001 inf -inf
7.37600000000001 inf -inf
7.38400000000001 inf -inf
7.39200000000001 inf -inf
7.40000000000001 inf -inf
7.40800000000001 inf -inf
7.41600000000001 inf -inf
7.42400000000001 inf -inf
7.43200000000001 inf -inf
7.44000000000001 inf -inf
7.44800000000001 inf -inf
7.45600000000001 inf -inf
7.46400000000001 inf -inf
7.47200000000001 inf -inf
7.48000000000001 inf -inf
7.48800000000001 inf -inf
7.49600000000001 inf -inf
7.50400000000001 inf -inf
7.51200000000001 inf -inf
7.52000000000001 inf -inf
7.52800000000001 inf -inf
7.53600000000001 inf -inf
7.54400000000001 inf -inf
7.55200000000001 inf -inf
7.56000000000001 inf -inf
7.56800000000001 inf -inf
7.57600000000001 inf -inf
7.58400000000001 inf -inf
7.59200000000001 inf -inf
7.60000000000001 inf -inf
7.60800000000001 inf -inf
7.61600000000001 inf -inf
7.62400000000001 inf -inf
7.63200000000001 inf -inf
7.64000000000001 inf -inf
7.64800000000001 inf -inf
7.65600000000001 inf -inf
7.66400000000001 inf -inf
7.67200000000001 inf -inf
7.68000000000001 inf -inf
7.68800000000001 inf -inf
7.69600000000001 inf -inf
7.70400000000001 inf -inf
7.71200000000001 inf -inf
7.72000000000001 inf -inf
7.72800000000001 inf -inf
7.73600000000001 inf -inf
7.74400000000001 inf -inf
7.75200000000001 inf -inf
7.76000000000001 inf -inf
7.76800000000001 inf -inf
7.77600000000001 inf -inf
7.78400000000001 inf -inf
7.79200000000001 inf -inf
7.80000000000001 inf -inf
7.80800000000001 inf -inf
7.81600000000001 inf -inf
7.82400000000001 inf -inf
7.83200000000001 inf -inf
7.84000000000001 inf -inf
7.84800000000001 inf -inf
7.85600000000001 inf -inf
7.86400000000001 inf -inf
7.87200000000001 inf -inf
7.88000000000001 inf -inf
7.88800000000001 inf -inf
7.89600000000001 inf -inf
7.90400000000001 inf -inf
7.91200000000001 inf -inf
7.92000000000001 inf -inf
7.92800000000001 inf -inf
7.93600000000001 inf -inf
7.94400000000001 inf -inf
7.95200000000001 inf -inf
7.96000000000001 inf -inf
7.96800000000001 inf -inf
7.97600000000001 inf -inf
7.98400000000001 inf -inf
7.99200000000001 inf -inf
8.00000000000001 inf -inf
8.008 inf -inf
8.016 inf -inf
8.024 inf -inf
8.032 inf -inf
8.04 inf -inf
8.048 inf -inf
8.056 inf -inf
8.064 inf -inf
8.072 inf -inf
8.08 inf -inf
8.088 inf -inf
8.09599999999999 inf -inf
8.10399999999999 inf -inf
8.11199999999999 inf -inf
8.11999999999999 inf -inf
8.12799999999999 inf -inf
8.13599999999999 inf -inf
8.14399999999999 inf -inf
8.15199999999999 inf -inf
8.15999999999999 inf -inf
8.16799999999999 inf -inf
8.17599999999999 inf -inf
8.18399999999999 inf -inf
8.19199999999998 inf -inf
8.19999999999998 inf -inf
8.20799999999998 inf -inf
8.21599999999998 inf -inf
8.22399999999998 inf -inf
8.23199999999998 inf -inf
8.23999999999998 inf -inf
8.24799999999998 inf -inf
8.25599999999998 inf -inf
8.26399999999998 inf -inf
8.27199999999998 inf -inf
8.27999999999997 inf -inf
8.28799999999997 inf -inf
8.29599999999997 inf -inf
8.30399999999997 inf -inf
8.31199999999997 inf -inf
8.31999999999997 inf -inf
8.32799999999997 inf -inf
8.33599999999997 inf -inf
8.34399999999997 inf -inf
8.35199999999997 inf -inf
8.35999999999997 inf -inf
8.36799999999996 inf -inf
8.37599999999996 inf -inf
8.38399999999996 inf -inf
8.39199999999996 inf -inf
8.39999999999996 inf -inf
8.40799999999996 inf -inf
8.41599999999996 inf -inf
8.42399999999996 inf -inf
8.43199999999996 inf -inf
8.43999999999996 inf -inf
8.44799999999996 inf -inf
8.45599999999996 inf -inf
8.46399999999995 inf -inf
8.47199999999995 inf -inf
8.47999999999995 inf -inf
8.48799999999995 inf -inf
8.49599999999995 inf -inf
8.50399999999995 inf -inf
8.51199999999995 inf -inf
8.51999999999995 inf -inf
8.52799999999995 inf -inf
8.53599999999995 inf -inf
8.54399999999995 inf -inf
8.55199999999994 inf -inf
8.55999999999994 inf -inf
8.56799999999994 inf -inf
8.57599999999994 inf -inf
8.58399999999994 inf -inf
8.59199999999994 inf -inf
8.59999999999994 inf -inf
8.60799999999994 inf -inf
8.61599999999994 inf -inf
8.62399999999994 inf -inf
8.63199999999994 inf -inf
8.63999999999993 inf -inf
8.64799999999993 inf -inf
8.65599999999993 inf -inf
8.66399999999993 inf -inf
8.67199999999993 inf -inf
8.67999999999993 inf -inf
8.68799999999993 inf -inf
8.69599999999993 inf -inf
8.70399999999993 inf -inf
8.71199999999993 inf -inf
8.71999999999993 inf -inf
8.72799999999993 inf -inf
8.73599999999992 inf -inf
8.74399999999992 inf -inf
8.75199999999992 inf -inf
8.75999999999992 inf -inf
8.76799999999992 inf -inf
8.77599999999992 inf -inf
8.78399999999992 inf -inf
8.79199999999992 inf -inf
8.79999999999992 inf -inf
8.80799999999992 inf -inf
8.81599999999992 inf -inf
8.82399999999991 inf -inf
8.83199999999991 inf -inf
8.83999999999991 inf -inf
8.84799999999991 inf -inf
8.85599999999991 inf -inf
8.86399999999991 inf -inf
8.87199999999991 inf -inf
8.87999999999991 inf -inf
8.88799999999991 inf -inf
8.89599999999991 inf -inf
8.90399999999991 inf -inf
8.9119999999999 inf -inf
8.9199999999999 inf -inf
8.9279999999999 inf -inf
8.9359999999999 inf -inf
8.9439999999999 inf -inf
8.9519999999999 inf -inf
8.9599999999999 inf -inf
8.9679999999999 inf -inf
8.9759999999999 inf -inf
8.9839999999999 inf -inf
8.9919999999999 inf -inf
8.9999999999999 inf -inf
9.00799999999989 inf -inf
9.01599999999989 inf -inf
9.02399999999989 inf -inf
9.03199999999989 inf -inf
9.03999999999989 inf -inf
9.04799999999989 inf -inf
9.05599999999989 inf -inf
9.06399999999989 inf -inf
9.07199999999989 inf -inf
9.07999999999989 inf -inf
9.08799999999989 inf -inf
9.09599999999988 inf -inf
9.10399999999988 inf -inf
9.11199999999988 inf -inf
9.11999999999988 inf -inf
9.12799999999988 inf -inf
9.13599999999988 inf -inf
9.14399999999988 inf -inf
9.15199999999988 inf -inf
9.15999999999988 inf -inf
9.16799999999988 inf -inf
9.17599999999988 inf -inf
9.18399999999987 inf -inf
9.19199999999987 inf -inf
9.19999999999987 inf -inf
9.20799999999987 inf -inf
9.21599999999987 inf -inf
9.22399999999987 inf -inf
9.23199999999987 inf -inf
9.23999999999987 inf -inf
9.24799999999987 inf -inf
9.25599999999987 inf -inf
9.26399999999987 inf -inf
9.27199999999987 inf -inf
9.27999999999986 inf -inf
9.28799999999986 inf -inf
9.29599999999986 inf -inf
9.30399999999986 inf -inf
9.31199999999986 inf -inf
9.31999999999986 inf -inf
9.32799999999986 inf -inf
9.33599999999986 inf -inf
9.34399999999986 inf -inf
9.35199999999986 inf -inf
9.35999999999986 inf -inf
9.36799999999985 inf -inf
9.37599999999985 inf -inf
9.38399999999985 inf -inf
9.39199999999985 inf -inf
9.39999999999985 inf -inf
9.40799999999985 inf -inf
9.41599999999985 inf -inf
9.42399999999985 inf -inf
9.43199999999985 inf -inf
9.43999999999985 inf -inf
9.44799999999985 inf -inf
9.45599999999984 inf -inf
9.46399999999984 inf -inf
9.47199999999984 inf -inf
9.47999999999984 inf -inf
9.48799999999984 inf -inf
9.49599999999984 inf -inf
9.50399999999984 inf -inf
9.51199999999984 inf -inf
9.51999999999984 inf -inf
9.52799999999984 inf -inf
9.53599999999984 inf -inf
9.54399999999984 inf -inf
9.55199999999983 inf -inf
9.55999999999983 inf -inf
9.56799999999983 inf -inf
9.57599999999983 inf -inf
9.58399999999983 inf -inf
9.59199999999983 inf -inf
9.59999999999983 inf -inf
9.60799999999983 inf -inf
9.61599999999983 inf -inf
9.62399999999983 inf -inf
9.63199999999983 inf -inf
9.63999999999982 inf -inf
9.64799999999982 inf -inf
9.65599999999982 inf -inf
9.66399999999982 inf -inf
9.67199999999982 inf -inf
9.67999999999982 inf -inf
9.68799999999982 inf -inf
9.69599999999982 inf -inf
9.70399999999982 inf -inf
9.71199999999982 inf -inf
9.71999999999982 inf -inf
9.72799999999982 inf -inf
9.73599999999981 inf -inf
9.74399999999981 inf -inf
9.75199999999981 inf -inf
9.75999999999981 inf -inf
9.76799999999981 inf -inf
9.77599999999981 inf -inf
9.78399999999981 inf -inf
9.79199999999981 inf -inf
9.79999999999981 inf -inf
9.80799999999981 inf -inf
9.81599999999981 inf -inf
9.8239999999998 inf -inf
9.8319999999998 inf -inf
9.8399999999998 inf -inf
9.8479999999998 inf -inf
9.8559999999998 inf -inf
9.8639999999998 inf -inf
9.8719999999998 inf -inf
9.8799999999998 inf -inf
9.8879999999998 inf -inf
9.8959999999998 inf -inf
9.9039999999998 inf -inf
9.91199999999979 inf -inf
9.91999999999979 inf -inf
9.92799999999979 inf -inf
9.93599999999979 inf -inf
9.94399999999979 inf -inf
9.95199999999979 inf -inf
9.95999999999979 inf -inf
9.96799999999979 inf -inf
9.97599999999979 inf -inf
9.98399999999979 inf -inf
9.99199999999979 inf -inf
9.99999999999979 inf -inf
10.0079999999998 inf -inf
