0 10 7
0.01 8.7 8.54
0.02 7.16706 9.97472
0.03 5.595742298304 11.038847068928
0.04 4.19028537812503 11.5226763352453
0.05 3.07700914344166 11.379926681479
0.06 2.27268572139879 10.7321854168371
0.07 1.7227740424232 9.77602742405638
0.08 1.3553393772916 8.6900179390935
0.09 1.11042882240822 7.59693165014562
0.1 0.946187572215267 6.56691802776689
0.11 0.835476491223606 5.63341423179403
0.12 0.761117055841842 4.80766307631064
0.13 0.712230589325557 4.08865149721957
0.14 0.681847156509256 3.4691767343365
0.15 0.665431480277934 2.93934285382535
0.16 0.659988060712208 2.4884983907874
0.17 0.663515728758548 2.10626384952652
0.18 0.67467081126694 1.7830379243348
0.19 0.692555566880375 1.51020964367176
0.2 0.716582889354366 1.2802080716461
0.21 0.746388264534067 1.086465626708
0.22 0.781771569888957 0.923338821644339
0.23 0.822658094275984 0.78601143535381
0.24 0.869072181733444 0.670394123769616
0.25 0.921119329759148 0.573028016841715
0.26 0.978974060655686 0.490996061122464
0.27 1.04287181327645 0.421843666429341
0.28 1.11310369225872 0.363508961245194
0.29 1.19001329263148 0.314262274898305
0.3 1.27399506750695 0.272654116796674
0.31 1.36549387290947 0.23747077577065
0.32 1.46500543606293 0.207696631704328
0.33 1.573077570113 0.182482305777501
0.34 1.69031201105721 0.161117843623994
0.35 1.81736678915359 0.143010208822606
0.36 1.95495907216515 0.127664451395502
0.37 2.10386843461491 0.114668001242257
0.38 2.26494051773588 0.103677616549609
0.39 2.43909105011959 0.0944085909508993
0.4 2.62731019965187 0.086625890549447
0.41 2.83066722305019 0.0801369536823261
0.42 3.05031536944989 0.0747859439452535
0.43 3.28749697757883 0.0704493026045088
0.44 3.54354867970359 0.0670325029110916
0.45 3.81990658596425 0.0644679698746082
0.46 4.11811126416015 0.0627142002054891
0.47 4.43981224366429 0.0617562063400619
0.48 4.78677164432651 0.0616075276400853
0.49 5.16086634088109 0.0623142193202549
0.5 5.56408778744014 0.0639614741245364
0.51 5.99853819272406 0.0666838990638399
0.52 6.46642107068076 0.0706810338473167
0.53 6.97002315653818 0.0762405808175113
0.54 7.51168305064826 0.0837732208209982
0.55 8.09373935821194 0.0938651563907908
0.56 8.71844690354955 0.107358232666243
0.57 9.38784274429872 0.125473632832701
0.58 10.1035323618349 0.150005448266386
0.59 10.8663474037514 0.183627863618877
0.6 11.6757942712788 0.230389414531135
0.61 12.5291584307907 0.296518496169366
0.62 13.420037288769 0.391750255505512
0.63 14.3359211807674 0.53152733098527
0.64 15.254196857556 0.740649768305062
0.65 16.1355920851136 1.0592535047393
0.66 16.9136889779067 1.55225517257423
0.67 17.4791532600412 2.32302368964157
0.68 17.6593509079059 3.52905890942414
0.69 17.2024722908526 5.3866638919755
0.7 15.7987519838655 8.12362184509372
0.71 13.2123595403343 11.7950933826307
0.72 9.594117866067 15.9056171570826
0.73 5.78363632322471 19.1466206983113
0.74 2.92421450094991 20.1297126101256
0.75 1.39224373559139 18.8609082408824
0.76 0.715853794060728 16.5163040113608
0.77 0.418424330873794 14.0162996449316
0.78 0.275955453335984 11.7279561408542
0.79 0.200940085996244 9.74637977364261
0.8 0.15826214117991 8.07036894998165
0.81 0.132606096370224 6.66879189379039
0.820000000000001 0.116684910263614 5.50378225132976
0.830000000000001 0.106753452941496 4.53878977961468
0.840000000000001 0.100757784742333 3.74118887853001
0.850000000000001 0.0975097904106194 3.08285303654274
0.860000000000001 0.0962923230396682 2.53996382410345
0.870000000000001 0.0966583383710524 2.09255349644722
0.880000000000001 0.0983231231231629 1.72398437684348
0.890000000000001 0.101103747128612 1.42044749013753
0.900000000000001 0.104883669983331 1.17051144446686
0.910000000000001 0.109591337500402 0.964730085904956
0.920000000000001 0.115186862687198 0.795307712859712
0.930000000000001 0.121653541692717 0.655816684557574
0.940000000000001 0.128992352356806 0.540960978232315
0.950000000000001 0.137218345671888 0.446379195315115
0.960000000000001 0.146358270883934 0.368480996747334
0.970000000000001 0.156449025308523 0.304311626994315
0.980000000000001 0.167536669610206 0.251439904432671
0.990000000000001 0.17967584105315 0.20786573780262
1 0.192929454799427 0.171943843048781
1.01 0.207368620226516 0.142320872575821
1.02 0.223072723355372 0.117883630831193
1.03 0.240129642546746 0.0977164421843195
1.04 0.258636075520506 0.0810660671644484
1.05 0.278697963278068 0.0673128394536195
1.06 0.300431001802568 0.0559469264022955
1.07 0.323961236212368 0.0465488072957549
1.08 0.349425734834686 0.0387732223487488
1.09 0.376973342770127 0.0323359767944188
1.1 0.406765516153819 0.0270030930219806
1.11 0.438977239634 0.0225818933608575
1.12 0.473798030688322 0.0189136700444335
1.13 0.511433035354783 0.0158676598212411
1.14 0.552104220820375 0.0133360908704719
1.15 0.59605167112424 0.0112301109961402
1.16 0.643534993021395 0.00947644007388139
1.17 0.694834839839202 0.00801461769245526
1.18 0.750254561958317 0.0067947399318417
1.19 0.810121993376047 0.00577559812935757
1.2 0.874791384674045 0.00492314802885298
1.21 0.944645493623536 0.00420925048290406
1.22 1.02009784562841 0.00361063537598965
1.23 1.10159517723763 0.00310804906304739
1.24 1.18962007706089 0.00268555270603769
1.25 1.28469383960325 0.00232994471563522
1.26 1.38737954880282 0.00203028529173258
1.27 1.49828540941829 0.00177750499090012
1.28 1.61806834587796 0.00156408248425945
1.29 1.74743788977746 0.00138377933141764
1.3 1.88716037890661 0.00123142178915487
1.31 2.03806349250683 0.00110272148351561
1.32 2.20104114941544 0.000994128272401045
1.33 2.37705879785161 0.000902709872782936
1.34 2.56715912784639 0.000826053873482255
1.35 2.77246823972186 0.000762188645911563
1.36 2.9942023045852 0.000709520442186138
1.37 3.23367475551973 0.000666784672318395
1.38 3.49230405101844 0.000633010021790824
1.39 3.77162205519601 0.00060749475640589
1.4 4.07328308239304 0.000589795325119885
1.41 4.39907365688489 0.000579728299393719
1.42 4.75092304141098 0.000577387905103393
1.43 5.13091459095879 0.000583183102272291
1.44 5.54129799035483 0.000597900651409259
1.45 5.98450243521288 0.000622804361279031
1.46 6.46315081480341 0.000659786544918228
1.47 6.98007495098932 0.00071159696464833
1.48 7.53833193706402 0.000782189516937304
1.49 8.14122159990265 0.000877251572543196
1.5 8.79230507091133 0.00100502226752291
1.51 9.49542438271287 0.00117757675453361
1.52 10.2547228855991 0.00141287657981813
1.53 11.0746660567131 0.00173810510735438
1.54 11.9600618732411 0.00219520353344728
1.55 12.9160791799978 0.00285025770080224
1.56 13.9482610897732 0.00380977748053625
1.57 15.0625277838253 0.00524960837373805
1.58 16.2651578353718 0.00746757374581045
1.59 17.5627266242329 0.01098186109648
1.6 18.9619586114436 0.0167199830696247
1.61 20.4694039915506 0.0263921311951027
1.62 22.0907493750057 0.0432507954052067
1.63 23.8293460505592 0.0736833514949123
1.64 25.6830189521758 0.130653391463318
1.65 27.6369932624764 0.241358722164659
1.66 29.6478398421253 0.464731327307204
1.67 31.6063186306467 0.9322108868568
1.68 33.2509114914698 1.94296310006073
1.69 33.9728255886481 4.17744150490224
1.7 32.4330668861552 9.10228170013276
1.71 26.1712649011367 19.2724674419902
1.72 13.1334205715419 35.9788173313462
1.73 0.00834602688775021 48.4036277988739
1.74 -0.00310563033345142 39.7071339142395
1.75 0.000345389626026865 32.5549171824949
1.76 3.56968759790901e-05 26.6954818548726
1.77 9.96426690815414e-06 21.8903332388078
1.78 4.2177745678089e-06 17.9500819806673
1.79 2.28391455518931e-06 14.7190702525231
1.8 1.45811475594671e-06 12.0696389517529
1.81 1.04679637678744e-06 9.89710464439415
1.82 8.19732488457299e-07 8.11562622281333
1.83 6.857318131634e-07 6.65481376881263
1.84 6.03687832857893e-07 5.45694747296306
1.85 5.53154075667351e-07 4.47469705960142
1.86 5.23150494243882e-07 3.66925168788104
1.87 5.07415408762788e-07 3.00878646084529
1.88 5.02207503106518e-07 2.46720495896132
1.89 5.0521263809228e-07 2.02310811591024
1.9 5.14966655488115e-07 1.65894869593039
1.91 5.30534890080075e-07 1.36033796483505
1.92 5.51326478707116e-07 1.11547716003301
1.93 5.76982834162109e-07 0.914691295826751
1.94 6.07308625607591e-07 0.750046883688383
1.95 6.42228017393977e-07 0.615038462844872
1.96 6.81756410807078e-07 0.504331555332592
1.97 7.25981985541036e-07 0.413551889125976
1.98 7.75053607736561e-07 0.339112561092549
1.99 8.29172983938379e-07 0.278072310609107
2 8.88589721227297e-07 0.22801930392227
2.01 9.53598430634279e-07 0.186975837320885
2.02 1.02453730913395e-06 0.153320193735121
2.03 1.10178782610291e-06 0.125722565146089
2.04 1.18577526443881e-06 0.103092508960577
2.05 1.27696994918168e-06 0.0845358622374549
2.06 1.37588905244505e-06 0.0693194113527033
2.07 1.48309890206459e-06 0.0568419211242495
2.08 1.59921774850544e-06 0.0466103786939722
2.09 1.72491896403972e-06 0.038220513510663
2.1 1.8609346625058e-06 0.0313408237158352
2.11 2.00805973875014e-06 0.0256994777799139
2.12 2.16715633525105e-06 0.0210735738437728
2.13 2.33915875019927e-06 0.0172803323786829
2.14 2.52507880699452e-06 0.0141698741673776
2.15 2.72601171008534e-06 0.0116192982484516
2.16 2.94314241659952e-06 0.00952782583070403
2.17 3.17775255747727e-06 0.00781281830284724
2.18 3.43122794597517e-06 0.00640651200142287
2.19 3.70506671556271e-06 0.00525334072045487
2.2 4.00088813347227e-06 0.00430774016933211
2.21 4.32044214055428e-06 0.00353234762824379
2.22 4.66561967269218e-06 0.00289652566561205
2.23 5.03846382389371e-06 0.00237515158636537
2.24 5.44118191634489e-06 0.00194762477950421
2.25 5.87615854823058e-06 0.00159705274308868
2.26 6.34596969603517e-06 0.00130958362471413
2.27 6.85339795437808e-06 0.0010738589046887
2.28 7.40144900325571e-06 0.000880564596228034
2.29 7.99336939989757e-06 0.000722063229605146
2.29999999999999 8.63266580034565e-06 0.000592092079144945
2.30999999999999 9.32312572438203e-06 0.000485515709352176
2.31999999999999 1.00688399866126e-05 0.000398123062729745
2.32999999999999 1.08742269264192e-05 0.000326461071783887
2.33999999999999 1.17440585801794e-05 0.000267698220863258
2.34999999999999 1.26834889506862e-05 0.000219512666862415
2.35999999999999 1.36980845411465e-05 0.00018000049819464
2.36999999999999 1.4793857334577e-05 0.000147600507146087
2.37999999999999 1.59773004139178e-05 0.000121032503203025
2.38999999999999 1.72554264338513e-05 9.92467299773868e-05
2.39999999999999 1.863580917222e-05 8.13823870832431e-05
2.40999999999999 2.01266284071985e-05 6.67336180733248e-05
2.41999999999999 2.17367183860924e-05 5.47216205450357e-05
2.42999999999999 2.34756201729261e-05 4.48717764256675e-05
2.43999999999999 2.53536381849768e-05 3.67948988047585e-05
2.44999999999999 2.73819012532384e-05 3.0171854335284e-05
2.45999999999999 2.95724285686154e-05 2.47409536014423e-05
2.46999999999999 3.19382009046021e-05 2.0287611219186e-05
2.47999999999999 3.44932375384762e-05 1.66358671177247e-05
2.48999999999999 3.72526793268068e-05 1.36414339895309e-05
2.49999999999999 4.02328784275524e-05 1.1185996198614e-05
2.50999999999999 4.34514952004118e-05 9.17253488465645e-06
2.51999999999999 4.69276028596341e-05 7.52149454783251e-06
2.52999999999999 5.06818004994335e-05 6.16763964785102e-06
2.53999999999999 5.47363351617758e-05 5.05747701472112e-06
2.54999999999999 5.91152336698851e-05 4.1471422251816e-06
2.55999999999999 6.38444450086975e-05 3.40066643102018e-06
2.56999999999999 6.89519940959834e-05 2.78855515798299e-06
2.57999999999999 7.44681478553689e-05 2.2866229206036e-06
2.58999999999999 8.04255945753812e-05 1.8750376061179e-06
2.59999999999999 8.68596376173813e-05 1.53753686905725e-06
2.60999999999999 9.3808404620275e-05 1.26078557462276e-06
2.61999999999999 0.000101313073441728 1.03384890208199e-06
2.62999999999999 0.000109418116174794 8.47760289403625e-07
2.63999999999999 0.000118171562685968 6.95167147724326e-07
2.64999999999999 0.000127625285236376 5.70040347093474e-07
2.65999999999999 0.000137835305872739 4.67435994679125e-07
2.66999999999999 0.000148862128409683 3.83300092804214e-07
2.67999999999999 0.000160771096970691 3.14308358454161e-07
2.68999999999999 0.000173632783212395 2.57734875200395e-07
2.69999999999999 0.00018752340452685 2.11344387713273e-07
2.70999999999999 0.000202525275700038 1.73303983205648e-07
2.71999999999999 0.000218727296703088 1.4211067016611e-07
2.72999999999999 0.00023622547950683 1.16531992875519e-07
2.73999999999999 0.000255123517041542 9.55573352709616e-08
2.74999999999999 0.000275533397673498 7.83579900791267e-08
2.75999999999999 0.00029757606883967 6.42544154746135e-08
2.76999999999998 0.000321382153773226 5.26893855122376e-08
2.77999999999998 0.000347092725567082 4.32059734571627e-08
2.78999999999998 0.000374860143162554 3.54294980940369e-08
2.79999999999998 0.000404848954217125 2.90527196813794e-08
2.80999999999998 0.000437236870201636 2.38237006172583e-08
2.81999999999998 0.000472215819505269 1.95358511701636e-08
2.82999999999998 0.000509993084788936 1.6019766965053e-08
2.83999999999998 0.000550792531326952 1.31365357101583e-08
2.84999999999998 0.000594855933616043 1.07722487025601e-08
2.85999999999998 0.000642444408113089 8.83350025354163e-09
2.86999999999998 0.000693839960591885 7.24369720921781e-09
2.87999999999998 0.000749347157288456 5.94003275022205e-09
2.88999999999998 0.000809294929737999 4.87100490104831e-09
2.89999999999998 0.000874038523998776 3.99438170204238e-09
2.90999999999998 0.000943961605813941 3.27553264541424e-09
2.91999999999998 0.0010194785341863 2.68606044832191e-09
2.92999999999998 0.00110103681683905 2.20267910286271e-09
2.93999999999998 0.00118911976211342 1.80629387357894e-09
2.94999999999998 0.00128424934301805 1.48124689232438e-09
2.95999999999998 0.00138698929040243 1.21469854331992e-09
2.96999999999998 0.00149794843358408 9.96120196477163e-10
2.97999999999998 0.00161778430822604 8.16878246578793e-10
2.98999999999998 0.00174720705284448 6.69893023506972e-10
2.99999999999998 0.00188698361703692 5.4935909694833e-10
3.00999999999998 0.00203794230636878 4.50515924762263e-10
3.01999999999998 0.00220097769085074 3.69459783323566e-10
3.02999999999998 0.0023770559060944 3.02989549234955e-10
3.03999999999998 0.00256722037856035 2.48480239296563e-10
3.04999999999998 0.00277259800882604 2.03779312364541e-10
3.05999999999998 0.00299440584951517 1.67121636063552e-10
3.06999999999998 0.00323395831746137 1.37059758772297e-10
3.07999999999998 0.00349267498284498 1.12406732015158e-10
3.08999999999998 0.0037720889814608 9.21892242596622e-11
3.09999999999998 0.00407385609996723 7.56090737312046e-11
3.10999999999998 0.00439976458795537 6.20117612790371e-11
3.11999999999998 0.00475174575498362 5.08605577348629e-11
3.12999999999998 0.00513188541537506 4.17153244001601e-11
3.13999999999998 0.00554243624859864 3.42151291387267e-11
3.14999999999998 0.00598583114848084 2.80639913006355e-11
3.15999999999998 0.00646469764035427 2.30191923190522e-11
3.16999999999998 0.00698187345157815 1.88816901863535e-11
3.17999999999998 0.00754042332770044 1.54882591356672e-11
3.18999999999998 0.00814365719391298 1.27050440124668e-11
3.19999999999998 0.00879514976942291 1.04222747111456e-11
3.20999999999998 0.00949876175097399 8.54993188182032e-12
3.21999999999998 0.0102586626910495 7.01419269372996e-12
3.22999999999998 0.0110793557063313 5.75451625833437e-12
3.23999999999997 0.0119657041628359 4.72125358513594e-12
3.24999999999997 0.012922960495861 3.87368766475857e-12
3.25999999999997 0.0139567973355284 3.17842626560863e-12
3.26999999999997 0.0150733411223694 2.60808396384847e-12
3.27999999999997 0.0162792084121577 2.14020135192626e-12
3.28999999999997 0.0175815450851293 1.75635873993362e-12
3.29999999999997 0.0189880686919387 1.44144934676044e-12
3.30999999999997 0.020507114187293 1.18308327791205e-12
3.31999999999997 0.0221476833222757 9.71098752842808e-13
3.32999999999997 0.0239194979880571 7.97161280837207e-13
3.33999999999997 0.0258330578271011 6.54434958192635e-13
3.34999999999997 0.0278997024532687 5.37312907962724e-13
3.35999999999997 0.0301316786495298 4.41196219339692e-13
3.36999999999997 0.0325422129414917 3.62312659166648e-13
3.37999999999997 0.0351455899768107 2.97567998744892e-13
3.38999999999997 0.0379572371749553 2.44424087085776e-13
3.39999999999997 0.0409938161489514 2.00798857932127e-13
3.40999999999997 0.0442733214408673 1.64984323962944e-13
3.41999999999997 0.0478151871561364 1.35579321809915e-13
3.42999999999997 0.0516404021286272 1.11434353910004e-13
3.43999999999997 0.0557716342989172 9.16063508000774e-14
3.44999999999997 0.0602333650428304 7.53215690919147e-14
3.45999999999997 0.0650520342462567 6.19451615180385e-14
3.46999999999997 0.0702561969859571 5.095621879553e-14
3.47999999999997 0.0758766927448336 4.1927299018149e-14
3.48999999999997 0.0819468281644202 3.4507637386291e-14
3.49999999999997 0.0885025744175737 2.84093743140088e-14
3.50999999999997 0.0955827803709795 2.33962590480625e-14
3.51999999999997 0.103229402800658 1.9274383599015e-14
3.52999999999997 0.11148775502471 1.58845818755234e-14
3.53999999999997 0.120406775426687 1.30961945928415e-14
3.54999999999997 0.130039317460822 1.08019543885814e-14
3.55999999999997 0.140442462857688 8.91378974967411e-15
3.56999999999997 0.151677859886303 7.35938257816637e-15
3.57999999999997 0.163812088677207 6.07934393007805e-15
3.58999999999997 0.176917055771384 5.02489682374293e-15
3.59999999999997 0.191070420233094 4.15597499353367e-15
3.60999999999997 0.206356053851742 3.43966285023732e-15
3.61999999999997 0.222864538159881 2.84891534728881e-15
3.62999999999997 0.240693701212671 2.36150747290203e-15
3.63999999999997 0.259949197309685 1.95917212674343e-15
3.64999999999997 0.28074513309446 1.62689255279915e-15
3.65999999999997 0.303204743742017 1.35232157994595e-15
3.66999999999997 0.327461123241378 1.12530490827985e-15
3.67999999999997 0.353658013100688 9.3748976915965e-16
3.68999999999997 0.381950654148743 7.82003641473442e-16
3.69999999999997 0.412506706480643 6.53190458104521e-16
3.70999999999996 0.445507242999094 5.46393993428799e-16
3.71999999999996 0.481147822439022 4.57779973875764e-16
3.72999999999996 0.519639648234144 3.84189972081587e-16
3.73999999999996 0.561210820092875 3.23021390784804e-16
3.74999999999996 0.606107685700305 2.72128864428734e-16
3.75999999999996 0.654596300556329 2.29743244680808e-16
3.76999999999996 0.706964004600836 1.94405023760097e-16
3.77999999999996 0.763521124968903 1.64909613647758e-16
3.78999999999996 0.824602814966415 1.40262362140383e-16
3.79999999999996 0.890571040163728 1.19641566501306e-16
3.80999999999996 0.961816723376826 1.02368057104106e-16
3.81999999999996 1.03876206124697 8.788017919586e-17
3.82999999999996 1.12186302614673 7.5713210783975e-17
3.83999999999996 1.21161206823847 6.54824269136353e-17
3.84999999999996 1.30854103369755 5.68691620174251e-17
3.85999999999996 1.41322431639335 4.96093381363604e-17
3.86999999999996 1.52628226170482 4.34840221907949e-17
3.87999999999996 1.6483848426412 3.83116538659474e-17
3.88999999999996 1.7802556300525 3.39416501512426e-17
3.89999999999996 1.9226760804567 3.02491456750198e-17
3.90999999999996 2.07649016689323 2.71306718072607e-17
3.91999999999996 2.24260938024469 2.45006138111131e-17
3.92999999999996 2.42201813066427 2.2288315579295e-17
3.93999999999996 2.61577958111741 2.04357269524226e-17
3.94999999999996 2.8250419476068 1.88955103924841e-17
3.95999999999996 3.05104530341535 1.76295429010453e-17
3.96999999999996 3.29512892768858 1.66077665416409e-17
3.97999999999996 3.55873924190366 1.58073578423719e-17
3.98999999999996 3.84343838125596 1.52122040173234e-17
3.99999999999996 4.15091345175643 1.48126940455523e-17
4.00999999999996 4.48298652789695 1.46058575561703e-17
4.01999999999996 4.8416254501287 1.45959177021674e-17
4.02999999999996 5.228955486139 1.47953711803691e-17
4.03999999999996 5.64727192503012 1.52267778600249e-17
4.04999999999996 6.09905367903253 1.59255480499239e-17
4.05999999999996 6.58697797335513 1.69441802979175e-17
4.06999999999996 7.11393621122354 1.835866554025e-17
4.07999999999996 7.68305110812142 2.02782007660661e-17
4.08999999999996 8.29769519677114 2.28600627428315e-17
4.09999999999996 8.96151081251283 2.6332684761885e-17
4.10999999999996 9.67843167751386 3.10320270733907e-17
4.11999999999996 10.452706211715 3.74599163539632e-17
4.12999999999996 11.2889227086522 4.63794314247856e-17
4.13999999999996 12.1920365253443 5.89740864333497e-17
4.14999999999996 13.1673994473719 7.71193195091153e-17
4.15999999999996 14.2207914031616 1.03856277400915e-16
4.16999999999996 15.3584547154146 1.44238885741843e-16
4.17999999999996 16.5871310926477 2.06887342103029e-16
4.18999999999996 17.9141015800595 3.0691431911938e-16
4.19999999999995 19.3472297064643 4.71593513241067e-16
4.20999999999995 20.8950080829815 7.51667802007813e-16
4.21999999999995 22.56660872962 1.24461178959321e-15
4.22999999999995 24.3719374279896 2.14404835850732e-15
4.23999999999995 26.3216924222287 3.84830415142097e-15
4.24999999999995 28.427427816007 7.20736453300074e-15
4.25999999999995 30.7016220412876 1.41055123172817e-14
4.26999999999995 33.1577518045906 2.88890044147274e-14
4.27999999999995 35.8103719489578 6.20047611506866e-14
4.28999999999995 38.6752017048744 1.39660446520058e-13
4.29999999999995 41.7692178412642 3.3057740372069e-13
4.30999999999995 45.1107552685649 8.23391854627328e-13
4.31999999999995 48.7196156900489 2.16093445856333e-12
4.32999999999995 52.6171849452497 5.98316211012552e-12
4.33999999999995 56.8265597408602 1.74988788225383e-11
4.34999999999995 61.3726845200992 5.41251239467633e-11
4.35999999999995 66.2824992816075 1.77254767900185e-10
4.36999999999995 71.5850992237836 6.15304470718372e-10
4.37999999999995 77.3119071603649 2.26641492955756e-09
4.38999999999995 83.4968597279375 8.86729466706995e-09
4.39999999999995 90.1766084839607 3.68868319863025e-08
4.40999999999995 97.3907370628877 1.63300378478465e-07
4.41999999999995 105.1819955508 7.70064079258993e-07
4.42999999999995 113.596552764958 3.8713276073304e-06
4.43999999999995 122.684263793071 2.07652674706728e-05
4.44999999999995 132.49892846937 0.000118930381410179
4.45999999999995 143.098370002476 0.000727848836728436
4.46999999999995 154.54311498321 0.00476299533187883
4.47999999999995 166.88448153781 0.0333491815817023
4.48999999999995 180.068276234495 0.249964764015903
4.49999999999995 193.123416607984 2.00540007352128
4.50999999999995 196.954598520693 17.1360166148607
4.51999999999995 111.460448223634 149.052224529138
4.52999999999995 -378.025548560899 786.759934303791
4.53999999999995 8514.19308008204 -11251.471083908
4.54999999999995 2883111.24582706 -3841114.0960229
4.55999999999995 332233891162.6 -442977519583.498
4.56999999999995 4.41516435122229e+21 -5.88688580151454e+21
4.57999999999995 7.79747049916909e+41 -1.03966273322255e+42
4.58999999999995 2.43202184741649e+82 -3.24269579655532e+82
4.59999999999995 2.36589210652445e+163 -3.15452280869926e+163
4.60999999999995 inf -inf
4.61999999999995 inf -inf
4.62999999999995 inf -inf
4.63999999999995 inf -inf
4.64999999999995 inf -inf
4.65999999999995 inf -inf
4.66999999999994 inf -inf
4.67999999999994 inf -inf
4.68999999999994 inf -inf
4.69999999999994 inf -inf
4.70999999999994 inf -inf
4.71999999999994 inf -inf
4.72999999999994 inf -inf
4.73999999999994 inf -inf
4.74999999999994 inf -inf
4.75999999999994 inf -inf
4.76999999999994 inf -inf
4.77999999999994 inf -inf
4.78999999999994 inf -inf
4.79999999999994 inf -inf
4.80999999999994 inf -inf
4.81999999999994 inf -inf
4.82999999999994 inf -inf
4.83999999999994 inf -inf
4.84999999999994 inf -inf
4.85999999999994 inf -inf
4.86999999999994 inf -inf
4.87999999999994 inf -inf
4.88999999999994 inf -inf
4.89999999999994 inf -inf
4.90999999999994 inf -inf
4.91999999999994 inf -inf
4.92999999999994 inf -inf
4.93999999999994 inf -inf
4.94999999999994 inf -inf
4.95999999999994 inf -inf
4.96999999999994 inf -inf
4.97999999999994 inf -inf
4.98999999999994 inf -inf
4.99999999999994 inf -inf
5.00999999999994 inf -inf
5.01999999999994 inf -inf
5.02999999999994 inf -inf
5.03999999999994 inf -inf
5.04999999999994 inf -inf
5.05999999999994 inf -inf
5.06999999999994 inf -inf
5.07999999999994 inf -inf
5.08999999999994 inf -inf
5.09999999999994 inf -inf
5.10999999999994 inf -inf
5.11999999999994 inf -inf
5.12999999999994 inf -inf
5.13999999999993 inf -inf
5.14999999999993 inf -inf
5.15999999999993 inf -inf
5.16999999999993 inf -inf
5.17999999999993 inf -inf
5.18999999999993 inf -inf
5.19999999999993 inf -inf
5.20999999999993 inf -inf
5.21999999999993 inf -inf
5.22999999999993 inf -inf
5.23999999999993 inf -inf
5.24999999999993 inf -inf
5.25999999999993 inf -inf
5.26999999999993 inf -inf
5.27999999999993 inf -inf
5.28999999999993 inf -inf
5.29999999999993 inf -inf
5.30999999999993 inf -inf
5.31999999999993 inf -inf
5.32999999999993 inf -inf
5.33999999999993 inf -inf
5.34999999999993 inf -inf
5.35999999999993 inf -inf
5.36999999999993 inf -inf
5.37999999999993 inf -inf
5.38999999999993 inf -inf
5.39999999999993 inf -inf
5.40999999999993 inf -inf
5.41999999999993 inf -inf
5.42999999999993 inf -inf
5.43999999999993 inf -inf
5.44999999999993 inf -inf
5.45999999999993 inf -inf
5.46999999999993 inf -inf
5.47999999999993 inf -inf
5.48999999999993 inf -inf
5.49999999999993 inf -inf
5.50999999999993 inf -inf
5.51999999999993 inf -inf
5.52999999999993 inf -inf
5.53999999999993 inf -inf
5.54999999999993 inf -inf
5.55999999999993 inf -inf
5.56999999999993 inf -inf
5.57999999999993 inf -inf
5.58999999999993 inf -inf
5.59999999999993 inf -inf
5.60999999999992 inf -inf
5.61999999999992 inf -inf
5.62999999999992 inf -inf
5.63999999999992 inf -inf
5.64999999999992 inf -inf
5.65999999999992 inf -inf
5.66999999999992 inf -inf
5.67999999999992 inf -inf
5.68999999999992 inf -inf
5.69999999999992 inf -inf
5.70999999999992 inf -inf
5.71999999999992 inf -inf
5.72999999999992 inf -inf
5.73999999999992 inf -inf
5.74999999999992 inf -inf
5.75999999999992 inf -inf
5.76999999999992 inf -inf
5.77999999999992 inf -inf
5.78999999999992 inf -inf
5.79999999999992 inf -inf
5.80999999999992 inf -inf
5.81999999999992 inf -inf
5.82999999999992 inf -inf
5.83999999999992 inf -inf
5.84999999999992 inf -inf
5.85999999999992 inf -inf
5.86999999999992 inf -inf
5.87999999999992 inf -inf
5.88999999999992 inf -inf
5.89999999999992 inf -inf
5.90999999999992 inf -inf
5.91999999999992 inf -inf
5.92999999999992 inf -inf
5.93999999999992 inf -inf
5.94999999999992 inf -inf
5.95999999999992 inf -inf
5.96999999999992 inf -inf
5.97999999999992 inf -inf
5.98999999999992 inf -inf
5.99999999999992 inf -inf
6.00999999999992 inf -inf
6.01999999999992 inf -inf
6.02999999999992 inf -inf
6.03999999999992 inf -inf
6.04999999999992 inf -inf
6.05999999999992 inf -inf
6.06999999999992 inf -inf
6.07999999999991 inf -inf
6.08999999999991 inf -inf
6.09999999999991 inf -inf
6.10999999999991 inf -inf
6.11999999999991 inf -inf
6.12999999999991 inf -inf
6.13999999999991 inf -inf
6.14999999999991 inf -inf
6.15999999999991 inf -inf
6.16999999999991 inf -inf
6.17999999999991 inf -inf
6.18999999999991 inf -inf
6.19999999999991 inf -inf
6.20999999999991 inf -inf
6.21999999999991 inf -inf
6.22999999999991 inf -inf
6.23999999999991 inf -inf
6.24999999999991 inf -inf
6.25999999999991 inf -inf
6.26999999999991 inf -inf
6.27999999999991 inf -inf
6.28999999999991 inf -inf
6.29999999999991 inf -inf
6.30999999999991 inf -inf
6.31999999999991 inf -inf
6.32999999999991 inf -inf
6.33999999999991 inf -inf
6.34999999999991 inf -inf
6.35999999999991 inf -inf
6.36999999999991 inf -inf
6.37999999999991 inf -inf
6.38999999999991 inf -inf
6.39999999999991 inf -inf
6.40999999999991 inf -inf
6.41999999999991 inf -inf
6.42999999999991 inf -inf
6.43999999999991 inf -inf
6.44999999999991 inf -inf
6.45999999999991 inf -inf
6.46999999999991 inf -inf
6.47999999999991 inf -inf
6.48999999999991 inf -inf
6.49999999999991 inf -inf
6.50999999999991 inf -inf
6.51999999999991 inf -inf
6.52999999999991 inf -inf
6.53999999999991 inf -inf
6.5499999999999 inf -inf
6.5599999999999 inf -inf
6.5699999999999 inf -inf
6.5799999999999 inf -inf
6.5899999999999 inf -inf
6.5999999999999 inf -inf
6.6099999999999 inf -inf
6.6199999999999 inf -inf
6.6299999999999 inf -inf
6.6399999999999 inf -inf
6.6499999999999 inf -inf
6.6599999999999 inf -inf
6.6699999999999 inf -inf
6.6799999999999 inf -inf
6.6899999999999 inf -inf
6.6999999999999 inf -inf
6.7099999999999 inf -inf
6.7199999999999 inf -inf
6.7299999999999 inf -inf
6.7399999999999 inf -inf
6.7499999999999 inf -inf
6.7599999999999 inf -inf
6.7699999999999 inf -inf
6.7799999999999 inf -inf
6.7899999999999 inf -inf
6.7999999999999 inf -inf
6.8099999999999 inf -inf
6.8199999999999 inf -inf
6.8299999999999 inf -inf
6.8399999999999 inf -inf
6.8499999999999 inf -inf
6.8599999999999 inf -inf
6.8699999999999 inf -inf
6.8799999999999 inf -inf
6.8899999999999 inf -inf
6.8999999999999 inf -inf
6.9099999999999 inf -inf
6.9199999999999 inf -inf
6.9299999999999 inf -inf
6.9399999999999 inf -inf
6.9499999999999 inf -inf
6.9599999999999 inf -inf
6.9699999999999 inf -inf
6.9799999999999 inf -inf
6.9899999999999 inf -inf
6.9999999999999 inf -inf
7.00999999999989 inf -inf
7.01999999999989 inf -inf
7.02999999999989 inf -inf
7.03999999999989 inf -inf
7.04999999999989 inf -inf
7.05999999999989 inf -inf
7.06999999999989 inf -inf
7.07999999999989 inf -inf
7.08999999999989 inf -inf
7.09999999999989 inf -inf
7.10999999999989 inf -inf
7.11999999999989 inf -inf
7.12999999999989 inf -inf
7.13999999999989 inf -inf
7.14999999999989 inf -inf
7.15999999999989 inf -inf
7.16999999999989 inf -inf
7.17999999999989 inf -inf
7.18999999999989 inf -inf
7.19999999999989 inf -inf
7.20999999999989 inf -inf
7.21999999999989 inf -inf
7.22999999999989 inf -inf
7.23999999999989 inf -inf
7.24999999999989 inf -inf
7.25999999999989 inf -inf
7.26999999999989 inf -inf
7.27999999999989 inf -inf
7.28999999999989 inf -inf
7.29999999999989 inf -inf
7.30999999999989 inf -inf
7.31999999999989 inf -inf
7.32999999999989 inf -inf
7.33999999999989 inf -inf
7.34999999999989 inf -inf
7.35999999999989 inf -inf
7.36999999999989 inf -inf
7.37999999999989 inf -inf
7.38999999999989 inf -inf
7.39999999999989 inf -inf
7.40999999999989 inf -inf
7.41999999999989 inf -inf
7.42999999999989 inf -inf
7.43999999999989 inf -inf
7.44999999999989 inf -inf
7.45999999999989 inf -inf
7.46999999999989 inf -inf
7.47999999999988 inf -inf
7.48999999999988 inf -inf
7.49999999999988 inf -inf
7.50999999999988 inf -inf
7.51999999999988 inf -inf
7.52999999999988 inf -inf
7.53999999999988 inf -inf
7.54999999999988 inf -inf
7.55999999999988 inf -inf
7.56999999999988 inf -inf
7.57999999999988 inf -inf
7.58999999999988 inf -inf
7.59999999999988 inf -inf
7.60999999999988 inf -inf
7.61999999999988 inf -inf
7.62999999999988 inf -inf
7.63999999999988 inf -inf
7.64999999999988 inf -inf
7.65999999999988 inf -inf
7.66999999999988 inf -inf
7.67999999999988 inf -inf
7.68999999999988 inf -inf
7.69999999999988 inf -inf
7.70999999999988 inf -inf
7.71999999999988 inf -inf
7.72999999999988 inf -inf
7.73999999999988 inf -inf
7.74999999999988 inf -inf
7.75999999999988 inf -inf
7.76999999999988 inf -inf
7.77999999999988 inf -inf
7.78999999999988 inf -inf
7.79999999999988 inf -inf
7.80999999999988 inf -inf
7.81999999999988 inf -inf
7.82999999999988 inf -inf
7.83999999999988 inf -inf
7.84999999999988 inf -inf
7.85999999999988 inf -inf
7.86999999999988 inf -inf
7.87999999999988 inf -inf
7.88999999999988 inf -inf
7.89999999999988 inf -inf
7.90999999999988 inf -inf
7.91999999999988 inf -inf
7.92999999999988 inf -inf
7.93999999999988 inf -inf
7.94999999999987 inf -inf
7.95999999999987 inf -inf
7.96999999999987 inf -inf
7.97999999999987 inf -inf
7.98999999999987 inf -inf
7.99999999999987 inf -inf
8.00999999999987 inf -inf
8.01999999999987 inf -inf
8.02999999999987 inf -inf
8.03999999999987 inf -inf
8.04999999999987 inf -inf
8.05999999999987 inf -inf
8.06999999999987 inf -inf
8.07999999999987 inf -inf
8.08999999999987 inf -inf
8.09999999999987 inf -inf
8.10999999999987 inf -inf
8.11999999999987 inf -inf
8.12999999999987 inf -inf
8.13999999999987 inf -inf
8.14999999999987 inf -inf
8.15999999999987 inf -inf
8.16999999999987 inf -inf
8.17999999999987 inf -inf
8.18999999999987 inf -inf
8.19999999999987 inf -inf
8.20999999999987 inf -inf
8.21999999999987 inf -inf
8.22999999999987 inf -inf
8.23999999999987 inf -inf
8.24999999999987 inf -inf
8.25999999999987 inf -inf
8.26999999999987 inf -inf
8.27999999999987 inf -inf
8.28999999999987 inf -inf
8.29999999999987 inf -inf
8.30999999999987 inf -inf
8.31999999999987 inf -inf
8.32999999999987 inf -inf
8.33999999999987 inf -inf
8.34999999999987 inf -inf
8.35999999999987 inf -inf
8.36999999999987 inf -inf
8.37999999999987 inf -inf
8.38999999999987 inf -inf
8.39999999999987 inf -inf
8.40999999999987 inf -inf
8.41999999999986 inf -inf
8.42999999999986 inf -inf
8.43999999999986 inf -inf
8.44999999999986 inf -inf
8.45999999999986 inf -inf
8.46999999999986 inf -inf
8.47999999999986 inf -inf
8.48999999999986 inf -inf
8.49999999999986 inf -inf
8.50999999999986 inf -inf
8.51999999999986 inf -inf
8.52999999999986 inf -inf
8.53999999999986 inf -inf
8.54999999999986 inf -inf
8.55999999999986 inf -inf
8.56999999999986 inf -inf
8.57999999999986 inf -inf
8.58999999999986 inf -inf
8.59999999999986 inf -inf
8.60999999999986 inf -inf
8.61999999999986 inf -inf
8.62999999999986 inf -inf
8.63999999999986 inf -inf
8.64999999999986 inf -inf
8.65999999999986 inf -inf
8.66999999999986 inf -inf
8.67999999999986 inf -inf
8.68999999999986 inf -inf
8.69999999999986 inf -inf
8.70999999999986 inf -inf
8.71999999999986 inf -inf
8.72999999999986 inf -inf
8.73999999999986 inf -inf
8.74999999999986 inf -inf
8.75999999999986 inf -inf
8.76999999999986 inf -inf
8.77999999999986 inf -inf
8.78999999999986 inf -inf
8.79999999999986 inf -inf
8.80999999999986 inf -inf
8.81999999999986 inf -inf
8.82999999999986 inf -inf
8.83999999999986 inf -inf
8.84999999999986 inf -inf
8.85999999999986 inf -inf
8.86999999999986 inf -inf
8.87999999999986 inf -inf
8.88999999999985 inf -inf
8.89999999999985 inf -inf
8.90999999999985 inf -inf
8.91999999999985 inf -inf
8.92999999999985 inf -inf
8.93999999999985 inf -inf
8.94999999999985 inf -inf
8.95999999999985 inf -inf
8.96999999999985 inf -inf
8.97999999999985 inf -inf
8.98999999999985 inf -inf
8.99999999999985 inf -inf
9.00999999999985 inf -inf
9.01999999999985 inf -inf
9.02999999999985 inf -inf
9.03999999999985 inf -inf
9.04999999999985 inf -inf
9.05999999999985 inf -inf
9.06999999999985 inf -inf
9.07999999999985 inf -inf
9.08999999999985 inf -inf
9.09999999999985 inf -inf
9.10999999999985 inf -inf
9.11999999999985 inf -inf
9.12999999999985 inf -inf
9.13999999999985 inf -inf
9.14999999999985 inf -inf
9.15999999999985 inf -inf
9.16999999999985 inf -inf
9.17999999999985 inf -inf
9.18999999999985 inf -inf
9.19999999999985 inf -inf
9.20999999999985 inf -inf
9.21999999999985 inf -inf
9.22999999999985 inf -inf
9.23999999999985 inf -inf
9.24999999999985 inf -inf
9.25999999999985 inf -inf
9.26999999999985 inf -inf
9.27999999999985 inf -inf
9.28999999999985 inf -inf
9.29999999999985 inf -inf
9.30999999999985 inf -inf
9.31999999999985 inf -inf
9.32999999999985 inf -inf
9.33999999999985 inf -inf
9.34999999999985 inf -inf
9.35999999999984 inf -inf
9.36999999999984 inf -inf
9.37999999999984 inf -inf
9.38999999999984 inf -inf
9.39999999999984 inf -inf
9.40999999999984 inf -inf
9.41999999999984 inf -inf
9.42999999999984 inf -inf
9.43999999999984 inf -inf
9.44999999999984 inf -inf
9.45999999999984 inf -inf
9.46999999999984 inf -inf
9.47999999999984 inf -inf
9.48999999999984 inf -inf
9.49999999999984 inf -inf
9.50999999999984 inf -inf
9.51999999999984 inf -inf
9.52999999999984 inf -inf
9.53999999999984 inf -inf
9.54999999999984 inf -inf
9.55999999999984 inf -inf
9.56999999999984 inf -inf
9.57999999999984 inf -inf
9.58999999999984 inf -inf
9.59999999999984 inf -inf
9.60999999999984 inf -inf
9.61999999999984 inf -inf
9.62999999999984 inf -inf
9.63999999999984 inf -inf
9.64999999999984 inf -inf
9.65999999999984 inf -inf
9.66999999999984 inf -inf
9.67999999999984 inf -inf
9.68999999999984 inf -inf
9.69999999999984 inf -inf
9.70999999999984 inf -inf
9.71999999999984 inf -inf
9.72999999999984 inf -inf
9.73999999999984 inf -inf
9.74999999999984 inf -inf
9.75999999999984 inf -inf
9.76999999999984 inf -inf
9.77999999999984 inf -inf
9.78999999999984 inf -inf
9.79999999999984 inf -inf
9.80999999999984 inf -inf
9.81999999999984 inf -inf
9.82999999999983 inf -inf
9.83999999999983 inf -inf
9.84999999999983 inf -inf
9.85999999999983 inf -inf
9.86999999999983 inf -inf
9.87999999999983 inf -inf
9.88999999999983 inf -inf
9.89999999999983 inf -inf
9.90999999999983 inf -inf
9.91999999999983 inf -inf
9.92999999999983 inf -inf
9.93999999999983 inf -inf
9.94999999999983 inf -inf
9.95999999999983 inf -inf
9.96999999999983 inf -inf
9.97999999999983 inf -inf
9.98999999999983 inf -inf
9.99999999999983 inf -inf
10.0099999999998 inf -inf
