0 10 7
0.05 3.59125 9.38
0.1 1.79249871676891 5.05446479430812
0.15 1.50162004821165 2.90972630909309
0.2 1.63721841746458 1.68164135440629
0.25 2.03269122793229 1.01183374491837
0.3 2.69489277607352 0.661586104474011
0.35 3.69009568996186 0.500117671147948
0.4 5.11387971643636 0.475929295378321
0.45 7.040689878462 0.627747224539028
0.5 9.30332753624935 1.23163310131898
0.55 10.5181729125676 3.46673330528731
0.6 6.43499132136361 9.18629205973865
0.65 3.18121759290621 5.41105464872641
0.7 2.34153259234261 3.65035536600658
0.75 2.25742780862306 2.34298464235083
0.8 2.55624868411703 1.54194777862742
0.85 3.15819698276988 1.09967679709246
0.9 4.07409938820553 0.903890171718945
0.95 5.32352747081025 0.919254043601318
1 6.82546145853372 1.23252458304981
1.05 8.09512289655493 2.20420695556088
1.1 7.64716675787026 4.57164561262111
1.15 4.59542378271659 6.72704066646092
1.2 2.63158894968048 4.93790485497523
1.25 2.12787785759511 3.16018400838472
1.3 2.19774360920498 1.99039729255748
1.35 2.59837946205173 1.3088556246691
1.4 3.29825517283148 0.94864986718695
1.45 4.32868018611104 0.809295862720299
1.5 5.71418386530357 0.876297705325782
1.55 7.3391288657403 1.28206227390139
1.6 8.53775202040613 2.52312108470428
1.65 7.39076631980988 5.46722003027102
1.7 3.92207847492889 6.86305075031997
1.75 2.31675642356139 4.61713518406672
1.8 1.98591269350193 2.86492126494767
1.85 2.13591068699204 1.77813918221372
1.9 2.59218376543523 1.16284597940946
1.95 3.34857951196545 0.845846806401544
2 4.45032901200629 0.733034104299787
2.05 5.93145400307084 0.819467886585824
2.1 7.66934407114857 1.26089239733812
2.15 8.90039207455719 2.6466052361681
2.2 7.36771383014058 6.0141004096356
2.25 3.64806074605473 6.95167280429332
2.3 2.17260274998449 4.51581476375818
2.35 1.90106815725342 2.75755903468837
2.4 2.07690566502351 1.69330092536267
2.45 2.54876808014339 1.09799928911491
2.5 3.32023361402134 0.793269580242425
2.55 4.44405194437521 0.684726968235057
2.6 5.96492820773993 0.766560257647554
2.65 7.77819342964297 1.19255802303754
2.7 9.13124414389358 2.57034487030103
2.75 7.61011005004397 6.11904115257937
2.8 3.64217532916224 7.19751088757903
2.85 2.11606852728954 4.59264672185963
2.9 1.84016913555903 2.77805013358383
2.95 2.01023276230487 1.68930138721848
3 2.47196314045541 1.08254009500055
3.05 3.22988431152052 0.770297698768753
3.1 4.34019839073275 0.652271106149413
3.15 5.85859685132821 0.714564417200423
3.2 7.71494994597088 1.0909947262041
3.25 9.25203225100163 2.34487116726233
3.3 8.08833782907505 5.83672606636315
3.35 3.82392501716184 7.67274303207228
3.4 2.10470436011312 4.80014222760097
3.45 1.78575527885751 2.88297362125771
3.5 1.93155928240254 1.73510262195808
3.55 2.36748524125178 1.09550118823013
3.6 3.0937051237616 0.762959701439475
3.65 4.16727389442175 0.6269924970038
3.69999999999999 5.65432733077731 0.661278157856989
3.74999999999999 7.52679665938166 0.970008378984607
3.79999999999999 9.27026682562061 2.03323994762614
3.84999999999999 8.71607295200414 5.24835411821967
3.89999999999999 4.22164333507489 8.27442348314989
3.94999999999999 2.1872422496083 5.05185395666125
3.99999999999999 1.79086484727067 3.04307279730824
4.04999999999999 1.9015624876772 1.82684323796847
4.09999999999999 2.30865292957593 1.14516721703813
4.14999999999999 3.00240526305316 0.787151033668845
4.19999999999999 4.03624309534649 0.633365164479371
4.24999999999999 5.47821501015521 0.648081718983696
4.29999999999999 7.32020540695721 0.91580864875342
4.34999999999999 9.13707640502385 1.85341219907965
4.39999999999999 8.99806734401011 4.76752752094625
4.44999999999999 4.62700159612691 8.41764278136211
4.49999999999999 2.34695599651304 5.18895336954573
4.54999999999999 1.87147775003445 3.17327240527708
4.59999999999999 1.95102320022516 1.92215559326702
4.64999999999999 2.34047259293488 1.21255544539981
4.69999999999999 3.01862349355241 0.83710789622346
4.74999999999999 4.03226705952874 0.674635005748105
4.79999999999999 5.44192519034528 0.688157315164328
4.84999999999999 7.2279982562532 0.962083729754375
4.89999999999999 8.95506351172035 1.90500535583736
4.94999999999999 8.76635777209777 4.72714829130916
4.99999999999999 4.64331324090496 8.10788805827181
5.04999999999999 2.38522575514333 5.18281694097794
5.09999999999999 1.89901569760684 3.18506261646513
5.14999999999999 1.97472111216557 1.93658320718965
5.19999999999999 2.36354098650905 1.22622200548075
5.24999999999999 3.04234142549762 0.850071716242105
5.29999999999999 4.05624986877456 0.688299713045759
5.34999999999999 5.46266486475502 0.705422245769677
5.39999999999999 7.23407933145992 0.989504700768639
5.44999999999999 8.91549107443754 1.95706810650468
5.49999999999999 8.63631485053556 4.79819962599837
5.54999999999999 4.56744691224912 7.98845041736082
5.59999999999999 2.36921509013902 5.14502223240422
5.64999999999999 1.89693185280728 3.15958850758743
5.69999999999999 1.97858111724097 1.92160476558188
5.74999999999999 2.3719315594235 1.21796844789223
5.79999999999999 3.0556236525965 0.845958892660725
5.84999999999999 4.07538749777441 0.687082091351545
5.89999999999999 5.48832141308351 0.707296218174305
5.94999999999999 7.26394986210408 0.997562728509506
5.99999999999999 8.93461608650706 1.98313019002768
6.04999999999999 8.59818278373432 4.86480688168913
6.09999999999999 4.50706423426884 7.9766843485405
6.14999999999999 2.34607828869912 5.12037556444132
6.19999999999999 1.8867652810637 3.13803285590043
6.24999999999999 1.97375226110505 1.90655864441983
6.29999999999999 2.37047631703665 1.20784847803456
6.34999999999999 3.05741474627896 0.838937511127045
6.39999999999999 4.08125615263684 0.681839616289419
6.44999999999999 5.49990765726405 0.703038527628722
6.49999999999998 7.28337323773026 0.994357142223828
6.54999999999998 8.96131310228592 1.98476043043506
6.59999999999998 8.61282558084986 4.89000667689379
6.64999999999998 4.48765759054042 8.00670503300845
6.69999999999998 2.3340052678927 5.11594774965429
6.74999999999998 1.87944922131284 3.13110734406548
6.79999999999998 1.96828059313799 1.90059643753849
6.84999999999998 2.36584032571484 1.2031032162882
6.89999999999998 3.05335739252413 0.834989996608712
6.94999999999998 4.07804243322106 0.678133984325843
6.99999999999998 5.49857865233422 0.698846835941446
7.04999999999998 7.28660041865578 0.988432609745593
7.09999999999998 8.97493727219448 1.97516618030488
7.14999999999998 8.64081252105231 4.88240940929647
7.19999999999998 4.49671754757707 8.03675876342401
7.24999999999998 2.33374872925149 5.12234638998533
7.29999999999998 1.87778992470044 3.13427416720442
7.34999999999998 1.965957013018 1.90192178967448
7.39999999999998 2.36283907214735 1.20342437079711
7.44999999999998 3.04952650602006 0.83470831218304
7.49999999999998 4.07325522118607 0.677342575320254
7.54999999999998 5.4929844944124 0.69730038420491
7.59999999999998 7.28140544816956 0.985151672981098
7.64999999999998 8.97482739651755 1.96717761189399
7.69999999999998 8.6565068782688 4.86658124718723
7.74999999999998 4.51145554234432 8.04793582129662
7.79999999999998 2.33838277646245 5.12894188485972
7.84999999999998 1.87946370102866 3.13942691191424
7.89999999999998 1.96639635580425 1.9053000928208
7.94999999999998 2.36243839011329 1.20555939814311
7.99999999999998 3.04827567173837 0.836070582415765
8.04999999999998 4.07095528518592 0.678224685992025
8.09999999999998 5.4893347354487 0.69780934049682
8.14999999999998 7.27624662351093 0.985052586858819
8.19999999999998 8.96933198090447 1.96502912953473
8.24999999999998 8.65705438970864 4.85783247984553
8.29999999999998 4.51885133873379 8.04423668046692
8.34999999999998 2.34191763590935 5.13139039081748
8.39999999999998 1.88133506693809 3.14204135141763
8.44999999999999 1.96760335781891 1.9073007025603
8.49999999999999 2.36327888314132 1.20702017202586
8.54999999999999 3.04879997224211 0.837187266352784
8.59999999999999 4.07106422071036 0.679178406911122
8.64999999999999 5.48874958831241 0.698771781400878
8.69999999999999 7.2743949212221 0.986219209674304
8.74999999999999 8.96531467758847 1.96645453400388
8.79999999999999 8.65153830785751 4.8573445457562
8.84999999999999 4.5187165648321 8.0373171897668
8.89999999999999 2.34276244181575 5.1307093644594
8.94999999999999 1.88207575526598 3.14202079135315
8.99999999999999 1.96832168908239 1.90749665456853
9.04999999999999 2.36404428943988 1.20728784294474
9.09999999999999 3.04965281144034 0.837493358920925
9.15 4.0720062798748 0.679545670706815
9.2 5.48968926275439 0.699285754638628
9.25 7.27497226240368 0.987111106540819
9.3 8.9644317088323 1.96830399190395
9.35 8.64729740828026 4.8602610703397
9.4 4.51584683407003 8.03364696300975
9.45 2.34205834795781 5.12928484176166
9.5 1.88192066289643 3.14102213144663
9.55 1.96840032508232 1.90688910565443
9.6 2.36429602747573 1.20693652227304
9.65 3.05008867395865 0.837300026768471
9.7 4.07266496582741 0.679459096340872
9.75 5.49060772719447 0.699304869832844
9.8 7.27609866544954 0.987334186473977
9.85 8.96528835360704 1.96914166816146
9.90000000000001 8.64622167510447 4.86261335439132
9.95000000000001 4.51376753486667 8.03352018197408
10 2.34121706542296 5.12848533701806
