0 10 7
0.01 8.58353 8.48736
0.02 7.06820755152244 9.69093211022992
0.03 5.65236767714527 10.4192566526074
0.04 4.45937847605563 10.6240246271611
0.05 3.52277602286488 10.3809483399894
0.06 2.81832362485035 9.82044942200672
0.07 2.30031095129768 9.07126794154966
0.08 1.92304271681682 8.23509269455746
0.09 1.64902135955945 7.38252639743571
0.1 1.4501060840753 6.55811586967394
0.11 1.30606842043811 5.78735999863972
0.12 1.20264604714788 5.08286827373741
0.13 1.12984766239392 4.44898546285934
0.14 1.08067122666337 3.88500927807405
0.15 1.05019287712965 3.38733324685591
0.16 1.03493726749098 2.95083203348416
0.17 1.03244717493029 2.56973449527127
0.18 1.040989802393 2.23815842297735
0.19 1.05935564969362 1.9504252651471
0.2 1.0867199094941 1.70123357146356
0.21 1.12254624106149 1.48574295748525
0.22 1.16651947091728 1.29960244535491
0.23 1.21849822360393 1.13894519443448
0.24 1.27848143120614 1.00036385703471
0.25 1.34658461900708 0.880875691218162
0.26 1.42302315943031 0.777883216484167
0.27 1.50810055202572 0.689134006321234
0.28 1.60220036992645 0.612681779904393
0.29 1.70578090782958 0.546850025522117
0.3 1.81937183476847 0.490198791200134
0.31 1.9435723368209 0.441494901856401
0.32 2.07905035642567 0.399685633511189
0.33 2.22654261281334 0.363875744992182
0.34 2.38685513246463 0.333307704378458
0.35 2.5608640351633 0.307344930699043
0.36 2.74951631214534 0.285457888762303
0.37 2.95383029682265 0.267212920075057
0.38 3.17489546085973 0.252263764225936
0.39 3.4138710600454 0.240345826240309
0.4 3.67198299070669 0.231273385046321
0.41 3.95051797532284 0.224940132122245
0.42 4.25081384002086 0.221323703428748
0.43 4.57424412222648 0.220495262705305
0.44 4.92219446983645 0.222635774190948
0.45 5.29602713369315 0.228061468225553
0.46 5.69702811044741 0.237262311524748
0.47 6.12632884759483 0.250959292116207
0.48 6.58479038573133 0.270189401794271
0.49 7.07283162785772 0.29643193741095
0.5 7.59017394820041 0.331797025641182
0.51 8.13545992952957 0.379308329260723
0.52 8.70568247166978 0.443328182145761
0.53 9.29532961009659 0.530195950065687
0.54 9.89510979474013 0.649177438875173
0.55 10.490079756117 0.813843259204938
0.56 11.0569841782024 1.04396882521548
0.57 11.5607264316738 1.36787414191392
0.58 11.9503478948277 1.82456017459591
0.59 12.1561340047595 2.4636261945786
0.6 12.0919948293847 3.33839310517457
0.61 11.6705968555367 4.48492084548624
0.62 10.8384470896169 5.88230518718965
0.63 9.6242297161948 7.40855888084331
0.64 8.16446642075581 8.83826718274671
0.65 6.6634884687186 9.92234380392266
0.66 5.30375942711863 10.5054283294654
0.67 4.18261382900307 10.5781287034355
0.68 3.31412960314539 10.2373315012406
0.69 2.66555946669277 9.61643944164534
0.7 2.19007484203006 8.83765296330688
0.71 1.84401653271003 7.99376215811529
0.72 1.59260363261626 7.14751274363012
0.73 1.41009449351846 6.33757609991516
0.74 1.27809877956222 5.58543168046915
0.75 1.18367623608328 4.90109704003949
0.76 1.11775997269898 4.28732802361169
0.77 1.07398799148967 3.74250371559053
0.78 1.04787993552456 3.26253251506657
0.79 1.03627004787677 2.84207689319659
0.8 1.03691975746452 2.47532048166257
0.81 1.0482530067027 2.15643406756657
0.820000000000001 1.06917463857094 1.8798463181773
0.830000000000001 1.0989449463562 1.64038945727772
0.840000000000001 1.13709237086991 1.43336602947832
0.850000000000001 1.1833523094095 1.25456688100621
0.860000000000001 1.23762397194449 1.10025993337164
0.870000000000001 1.29993984700837 0.967162393529566
0.880000000000001 1.37044408034335 0.852404494128087
0.890000000000001 1.44937722812841 0.753489872918785
0.900000000000001 1.53706562303972 0.668255745496799
0.910000000000001 1.6339141151178 0.594834749473752
0.920000000000001 1.74040130465413 0.531619511053284
0.930000000000001 1.85707662579613 0.477230455638509
0.940000000000001 1.98455880289835 0.430487052897336
0.950000000000001 2.12353530986088 0.39038248782503
0.960000000000001 2.27476253045239 0.35606163938548
0.970000000000001 2.43906635376683 0.326802198965551
0.980000000000001 2.61734294808541 0.30199875417269
0.990000000000001 2.81055943958568 0.281149688870042
1 3.01975417732591 0.263846802868512
1.01 3.24603618684281 0.24976763435143
1.02 3.49058329100315 0.238670579771732
1.03 3.7546381914866 0.230393060312542
1.04 4.03950153109293 0.224853199500645
1.05 4.34652055542787 0.222055782971426
1.06 4.6770714001234 0.22210371561142
1.07 5.0325321504642 0.225216846858935
1.08 5.41424250514033 0.231761017015681
1.09 5.82344389305992 0.24229166662262
1.1 6.2611908807961 0.257618629834773
1.11 6.72822010828262 0.278902239699735
1.12 7.22475594319228 0.307796275551077
1.13 7.75022126828496 0.346661556007415
1.14 8.30280550135893 0.398886435489009
1.15 8.87881784078566 0.469368517317842
1.16 9.47171991570082 0.565236038091705
1.17 10.0706897811705 0.69691381172469
1.18 10.6585313452296 0.879650069105626
1.19 11.208755354986 1.13556374060284
1.2 11.6818446760966 1.49601030043404
1.21 12.0213602164671 2.00330636365366
1.22 12.1521329317979 2.70914189026817
1.23 11.9856970345915 3.66418195910039
1.24 11.4410361414231 4.89144437361966
1.25 10.485396357004 6.3425958427173
1.26 9.18035083092314 7.86109523134046
1.27 7.69013732739235 9.20353450620888
1.28 6.22102193061592 10.1398711405451
1.29 4.93210528546761 10.5596165982487
1.3 3.89220264522535 10.4928012004287
1.31 3.09704834877776 10.0536925411807
1.32 2.50716075735306 9.37506917453029
1.33 2.07581109729261 8.5704684350729
1.34 1.76200787410777 7.72279514525083
1.35 1.5339735797542 6.88655277864638
1.36 1.36848956608445 6.09441787941743
1.37 1.24905881293667 5.36383557831095
1.38 1.16409095084379 4.70225337130136
1.39 1.10546039736637 4.11087080675554
1.4 1.06745732595832 3.58718243188133
1.41 1.04605449497595 3.1266440032097
1.42 1.03840368573841 2.72373577837185
1.43 1.04249166417037 2.37262344835941
1.44 1.05690478069361 2.06755542523004
1.45 1.08066706607453 1.80308968183205
1.46 1.11312809914463 1.57421180827542
1.47 1.15388476862883 1.37638474169754
1.48 1.20272631002493 1.20555656465531
1.49 1.25959548685245 1.0581435050078
1.5 1.32456109477184 0.930999183863079
1.51 1.39779849974643 0.821377162142849
1.52 1.47957594414356 0.726891214581711
1.53 1.57024504160203 0.645476043165712
1.54 1.67023434586146 0.575350022671794
1.55 1.78004519413883 0.514980847305015
1.56 1.90024923991649 0.463054486601317
1.57 2.03148723428854 0.418447573079764
1.58 2.17446870937275 0.380203175658855
1.59 2.32997227435687 0.347509823475086
1.6 2.49884626189016 0.319683609727892
1.61 2.68200946315101 0.296153209087929
1.62 2.8804516640153 0.276447676377385
1.63 3.09523363892555 0.260186955353469
1.64 3.32748616598692 0.247075116029803
1.65 3.578407484002 0.236896463725314
1.66 3.84925839981132 0.229514835970575
1.67 4.14135394183327 0.224876646361806
1.68 4.45604999609493 0.223018582266556
1.69 4.79472268201558 0.224081370676846
1.7 5.1587372150792 0.228331779174288
1.71 5.54940148907468 0.236196151181964
1.72 5.96789732226556 0.248310496731837
1.73 6.41517883051206 0.265594799936108
1.74 6.89182206820324 0.289363268065301
1.75 7.39780192996225 0.321488495029328
1.76 7.93215988654844 0.364647028839005
1.77 8.49250746568407 0.42268799636727
1.78 9.07428323281689 0.501186500228113
1.79 9.66964413652133 0.608268976916543
1.8 10.2658294498768 0.755821551928852
1.81 10.8428080382647 0.961188374749476
1.82 11.370073255528 1.24935996627207
1.83 11.8027529248543 1.65526106994514
1.84 12.0781070067783 2.22471874059292
1.85 12.1155095369807 3.01057840798636
1.86 11.8262099071032 4.05752396721226
1.87 11.1409194246684 5.36902039359932
1.88 10.0553128748994 6.86190729830493
1.89 8.66837738741172 8.34385072543935
1.9 7.16765720468687 9.56359645427024
1.91 5.75102234152682 10.3246053238343
1.92 4.54723149173534 10.5677089299979
1.93 3.59609686327753 10.3594574007128
1.94 2.87748372417461 9.82593735887363
1.95 2.34744504802674 9.09535124639949
1.96 1.96062948430209 8.27067234753407
1.97 1.67926907571559 7.42426082747211
1.98 1.47478365128704 6.60227092822466
1.99 1.32652507604334 5.83146772651235
2 1.21988909621776 5.12538540929881
2.01 1.14462423368434 4.48901430381212
2.02 1.09353658455123 3.92208878831623
2.03 1.06156259347407 3.42128976393414
2.04 1.04512547000272 2.98167539344516
2.05 1.04169408320143 2.59758702907528
2.06 1.04948143082037 2.26320710711561
2.07 1.06723791497741 1.97288993622133
2.08 1.09410877796597 1.72134618341989
2.09 1.12953507677859 1.50373437942141
2.1 1.17318439819524 1.31569437624983
2.11 1.22490207195352 1.15334552398416
2.12 1.28467665948881 1.01326432328277
2.13 1.35261549706427 0.892451045919121
2.14 1.42892740325597 0.788291357951213
2.15 1.5139105513064 0.698516711545841
2.16 1.6079441065759 0.621165786863539
2.17 1.71148263559744 0.554548299198526
2.18 1.82505256941664 0.497211864192815
2.19 1.94925019120099 0.44791222031669
2.2 2.08474074328961 0.405586866886194
2.21 2.23225832908972 0.369332037454039
2.22 2.39260633110206 0.338382859522243
2.23 2.56665808374565 0.312096531016754
2.24 2.75535753069027 0.289938358962162
2.25 2.95971955987401 0.271470549618244
2.26 3.18082964051544 0.256343710426923
2.27 3.41984227613095 0.244291125796947
2.28 3.67797762088397 0.235126009863808
2.29 3.95651536012543 0.228742135883925
2.29999999999999 4.25678459369639 0.225118519989284
2.30999999999999 4.58014792711462 0.224329238003696
2.31999999999999 4.92797718594133 0.226560042739932
2.32999999999999 5.30161699063837 0.232134327149788
2.33999999999999 5.70233065847034 0.241552304824956
2.34999999999999 6.13122021725481 0.255549302171825
2.35999999999999 6.58910822929177 0.275182162144757
2.36999999999999 7.07636287399458 0.301957537695595
2.37999999999999 7.59263818488851 0.338023175549402
2.38999999999999 8.1364868471314 0.386454356496581
2.39999999999999 8.70478142192422 0.451683860652811
2.40999999999999 9.29184920547092 0.540146010371337
2.41999999999999 9.88818622443378 0.66123130634028
2.42999999999999 10.4785756560655 0.828665600885111
2.43999999999999 11.0394287743195 1.06239652090026
2.44999999999999 11.5352885709315 1.39088330356799
2.45999999999999 11.9149156360362 1.85310516100854
2.46999999999999 12.1086414654843 2.49821286097324
2.47999999999999 12.03119392414 3.3782211307518
2.48999999999999 11.5973712510235 4.52661021191912
2.49999999999999 10.7572319274103 5.91888902329586
2.50999999999999 9.54316556332123 7.4303772662699
2.51999999999999 8.09289153159307 8.83690687917712
2.52999999999999 6.60785727705524 9.8953547689803
2.53999999999999 5.26548954579623 10.4573380549346
2.54999999999999 4.1592732534843 10.5171718230326
2.55999999999999 3.30189002272194 10.1715710500672
2.56999999999999 2.66087497927431 9.55179997656239
2.57999999999999 2.19027618486441 8.77769597371255
2.58999999999999 1.84729764466081 7.94021572366167
2.59999999999999 1.59781382619309 7.10090706741424
2.60999999999999 1.41652736014796 6.29774576866535
2.61999999999999 1.28533270977018 5.55185248230019
2.62999999999999 1.19146730589097 4.87309207597988
2.63999999999999 1.12597392356258 4.26418566809268
2.64999999999999 1.08255820164567 3.72354064375785
2.65999999999999 1.05678177231629 3.24712411137746
2.66999999999999 1.04550529007383 2.82966900801796
2.67999999999999 1.04650714723017 2.46543094543975
2.68999999999999 1.05822252755031 2.14864890193449
2.69999999999999 1.07956406613736 1.87381348631098
2.70999999999999 1.10979779424381 1.63581175130787
2.71999999999999 1.14845669934327 1.42999396286413
2.72999999999999 1.19528007206708 1.25219202999969
2.73999999999999 1.25017070030878 1.0987089288895
2.74999999999999 1.31316454851218 0.966291628456258
2.75999999999999 1.38440927112665 0.852095537278716
2.76999999999998 1.46414905006255 0.753645543567437
2.77999999999998 1.55271401138934 0.668796786134136
2.78999999999998 1.65051299335686 0.595697030207663
2.79999999999998 1.75802878861768 0.53275170146161
2.80999999999998 1.87581522200804 0.478592105818261
2.81999999999998 2.00449558636654 0.432047033177747
2.82999999999998 2.14476206526243 0.392117745199884
2.83999999999998 2.29737583752783 0.357956237777272
2.84999999999998 2.46316759274645 0.328846619920824
2.85999999999998 2.64303819367595 0.304189444740501
2.86999999999998 2.83795920176367 0.283488854726584
2.87999999999998 3.04897293285323 0.266342458005153
2.88999999999998 3.27719162546004 0.252433935010302
2.89999999999998 3.52379517233261 0.241528491512018
2.90999999999998 3.79002666934139 0.233471435659741
2.91999999999998 4.07718474601838 0.228190383349692
2.92999999999998 4.3866112162427 0.225701919461941
2.93999999999998 4.71967195946864 0.226124012169867
2.94999999999998 5.07772801050748 0.229696171598459
2.95999999999998 5.46209244123609 0.236810384659055
2.96999999999998 5.87396651533557 0.248057435897727
2.97999999999998 6.31434540605525 0.264295637463145
2.98999999999998 6.78387889788774 0.286752699471619
2.99999999999998 7.28266504838655 0.317177168653772
3.00999999999998 7.8099434407829 0.358064546849938
3.01999999999998 8.3636375779687 0.412996171458649
3.02999999999998 8.9396709737907 0.487147484571376
3.03999999999998 9.53094706010151 0.588046432758914
3.04999999999998 10.1258416744082 0.726687210216555
3.05999999999998 10.7060247803517 0.91910847822456
3.06999999999998 11.2434586153916 1.18846708805797
3.07999999999998 11.6966532009994 1.56732617525204
3.08999999999998 12.0070023719112 2.09901913385874
3.09999999999998 12.0977635261625 2.83510649971654
3.10999999999998 11.8812208184018 3.82313296961997
3.11999999999998 11.2819752885382 5.07771912591218
3.12999999999998 10.2791961290891 6.53668388885147
3.13999999999998 8.949115675489 8.03032351346243
3.14999999999998 7.46400037025841 9.31417116555773
3.15999999999998 6.02493420030604 10.1737621824357
3.16999999999998 4.77738346290018 10.520326465977
3.17999999999998 3.77799221914619 10.3982396261888
3.18999999999998 3.01639547576641 9.92529633441981
3.19999999999998 2.45191258947451 9.23111462942372
3.20999999999998 2.03893126140817 8.42400245236282
3.21999999999998 1.7381619113507 7.58204708988719
3.22999999999998 1.51936645952542 6.75612524796233
3.23999999999997 1.36050467172584 5.97645787881207
3.24999999999997 1.24591737787202 5.25894126088916
3.25999999999997 1.16459014485172 4.61010528804253
3.26999999999997 1.10878825208354 4.03064623972467
3.27999999999997 1.07306695886728 3.5178168607429
3.28999999999997 1.05358006004474 3.06699064954245
3.29999999999997 1.04760448392491 2.67265929896609
3.30999999999997 1.05321491724952 2.3290519581449
3.31999999999997 1.06906070835387 2.03050660763527
3.32999999999997 1.09421208978132 1.77168109685357
3.33999999999997 1.12805344847588 1.54766182273713
3.34999999999997 1.17020871173609 1.35400813237778
3.35999999999997 1.22048884127754 1.18675732567716
3.36999999999997 1.27885469971234 1.04240642142945
3.37999999999997 1.34539072407108 0.917881116116916
3.38999999999997 1.42028628458989 0.810498594150502
3.39999999999997 1.50382257230586 0.717928371119036
3.40999999999997 1.59636350862233 0.638153727702018
3.41999999999997 1.69834960981291 0.569435232389763
3.42999999999997 1.81029403836279 0.510277166095052
3.43999999999997 1.93278027599134 0.459397225872195
3.44999999999997 2.0664609893472 0.41569961548536
3.45999999999997 2.21205774749673 0.378251472753222
3.46999999999997 2.37036130214574 0.346262501449018
3.47999999999997 2.54223216371135 0.319067645793023
3.48999999999997 2.72860120165494 0.296112653884405
3.49999999999997 2.93046996522643 0.276942415001699
3.50999999999997 3.14891035675347 0.261192022098667
3.51999999999997 3.38506318541962 0.248580607529759
3.52999999999997 3.64013497107857 0.238908134978578
3.53999999999997 3.91539213297677 0.232055518540012
3.54999999999997 4.21215135327881 0.227988705389792
3.55999999999997 4.53176439778286 0.226767740308784
3.56999999999997 4.87559492585636 0.228562389420678
3.57999999999997 5.24498370438375 0.23367673211632
3.58999999999997 5.64119696412361 0.24258638329154
3.59999999999997 6.06535010268886 0.255993915482892
3.60999999999997 6.51829508352069 0.274910973590517
3.61999999999997 7.00045399367566 0.300780066101006
3.62999999999997 7.5115722354316 0.335655894153063
3.63999999999997 8.0503511980424 0.382476477018668
3.64999999999997 8.61389997058249 0.445469595781115
3.65999999999997 9.1969166574275 0.530761131471196
3.66999999999997 9.79047185238162 0.647277050094078
3.67999999999997 10.3802268180727 0.808049624278634
3.68999999999997 10.9439057860725 1.03201606059621
3.69999999999997 11.447939983331 1.34623989206913
3.70999999999996 11.8436142251254 1.78797758203774
3.71999999999996 12.0641697006887 2.40476868442043
3.72999999999996 12.0266260909275 3.24838428405832
3.73999999999996 11.6452272903475 4.35583545689948
3.74999999999996 10.8636132120052 5.71257718579663
3.75999999999996 9.70097950395002 7.20946415507266
3.76999999999996 8.280475241417 8.63503951000596
3.77999999999996 6.79743197287191 9.74478018257774
3.78999999999996 5.43536959853289 10.3742848433295
3.79999999999996 4.29953376296619 10.4991704575031
3.80999999999996 3.41209984926982 10.204877170032
3.81999999999996 2.74530560673131 9.61982857833865
3.82999999999996 2.25437999485194 8.86588532116008
3.83999999999996 1.8960262674641 8.03761137540912
3.84999999999996 1.635108866882 7.20002749756094
3.85999999999996 1.44533889497671 6.39385898985773
3.86999999999996 1.30780612268535 5.64220345440433
3.87999999999996 1.2091453019252 4.95626725936952
3.88999999999996 1.13996407978734 4.33964402481572
3.89999999999996 1.09365860431648 3.7912863835649
3.90999999999996 1.06557101873682 3.30748584307965
3.91999999999996 1.05240565978141 2.88315414142742
3.92999999999996 1.05182862538036 2.51263165189185
3.93999999999996 1.06219349216836 2.19018275937504
3.94999999999996 1.08235277349687 1.9102871774062
3.95999999999996 1.1115275207783 1.66779993166361
3.96999999999996 1.14921649258568 1.45802800469832
3.97999999999996 1.19513244022635 1.27675510313783
3.98999999999996 1.24915714792513 1.12023506351626
3.99999999999996 1.31130958083568 0.985167197729269
4.00999999999996 1.3817232975439 0.868662130201734
4.01999999999996 1.46063048644988 0.768203555552022
4.02999999999996 1.54835079222289 0.681609294113618
4.03999999999996 1.6452836431697 0.606993679515253
4.04999999999996 1.75190315995935 0.542732438690195
4.05999999999996 1.86875497746225 0.487430662800388
4.06999999999996 1.99645448144978 0.439894113668285
4.07999999999996 2.13568607452188 0.399103895640881
4.08999999999996 2.28720315613658 0.364194401961457
4.09999999999996 2.45182853922974 0.334434388004848
4.10999999999996 2.63045503540961 0.309211012254601
4.11999999999996 2.82404592322638 0.28801670849926
4.12999999999996 3.03363496725568 0.270438804151673
4.13999999999996 3.26032557359987 0.256151879687157
4.14999999999996 3.50528853900389 0.244912977895233
4.15999999999996 3.76975765855592 0.236559929903534
4.16999999999996 4.05502217364385 0.2310132867651
4.17999999999996 4.36241462559214 0.228282661456916
4.18999999999996 4.69329206692705 0.228478744699645
4.19999999999995 5.04900767249762 0.231832934619067
4.20999999999995 5.43086843358764 0.238727533029558
4.21999999999995 5.84007257214758 0.249740994590591
4.22999999999995 6.27761721081217 0.26571505669099
4.23999999999995 6.7441621085865 0.287854170744117
4.24999999999995 7.23982805629069 0.317873167555956
4.25999999999995 7.76389754247206 0.358217482046885
4.26999999999995 8.31436878106368 0.412392789168627
4.27999999999995 8.88729002532177 0.48545881559932
4.28999999999995 9.475767757791 0.584765442681733
4.29999999999995 10.0685021047023 0.721033175942636
4.30999999999995 10.6476707054393 0.909885075831333
4.31999999999995 11.1860082754149 1.17386566269632
4.32999999999995 11.6431452833464 1.5446911119683
4.33999999999995 11.9619640709091 2.06466958006379
4.34999999999995 12.0673747495909 2.78448266153103
4.35999999999995 11.8727728571233 3.75180043912947
4.36999999999995 11.3019234621545 4.98384409579638
4.37999999999995 10.3296750642913 6.42468114529715
4.38999999999995 9.02478941017405 7.91297388281505
4.39999999999995 7.5528001509015 9.20928387932547
4.40999999999995 6.11343709260539 10.0961206415248
4.41999999999995 4.85626776740112 10.4758314103975
4.42999999999995 3.84350637269328 10.3844188220904
4.43999999999995 3.06871093291706 9.93533916343005
4.44999999999995 2.49297969097887 9.25745344085483
4.45999999999995 2.07108634620557 8.46015262821832
4.46999999999995 1.76350086495617 7.62313324042647
4.47999999999995 1.53956492505062 6.79877060740935
4.48999999999995 1.37683240960199 6.0184685646442
4.49999999999995 1.25931351813703 5.29898248028555
4.50999999999995 1.17574341362962 4.64743578490039
4.51999999999995 1.11820395698937 4.064920416398
4.52999999999995 1.08111787529802 3.54894452091795
4.53999999999995 1.06054346010722 3.09504046934036
4.54999999999995 1.05368856787497 2.6977937083183
4.55999999999995 1.0585775541749 2.35148393680296
4.56999999999995 1.07382272819199 2.05047151974624
4.57999999999995 1.09846675162693 1.78941873835462
4.58999999999995 1.13187322898659 1.56340534917121
4.59999999999995 1.17365020849367 1.36797758520038
4.60999999999995 1.22359634133777 1.19915620142194
4.61999999999995 1.28166279473158 1.05342022623777
4.62999999999995 1.34792623749409 0.927677188734066
4.63999999999995 1.422569696779 0.819226713254604
4.64999999999995 1.50586907457878 0.725721822015057
4.65999999999995 1.59818377901792 0.645130612337766
4.66999999999994 1.69995037665789 0.575699881213346
4.67999999999994 1.81167847874424 0.51592156127718
4.68999999999994 1.93394828259709 0.464502380233917
4.69999999999994 2.06740932914366 0.420336875153602
4.70999999999994 2.21278012821606 0.382483727592446
4.71999999999994 2.37084835674092 0.350145298099153
4.72999999999994 2.54247135822247 0.32265020536556
4.73999999999994 2.72857666787487 0.299438801218446
4.74999999999994 2.93016225581008 0.280051429710578
4.75999999999994 3.1482961166811 0.264119424069563
4.76999999999994 3.3841147297205 0.251358891547807
4.77999999999994 3.63881975415608 0.241567471113034
4.78999999999994 3.91367208943418 0.234624437175234
4.79999999999994 4.2099820834701 0.230494788593981
4.80999999999994 4.52909416301075 0.229238344856735
4.81999999999994 4.87236340781162 0.231025431393305
4.82999999999994 5.24112047077012 0.236161568563704
4.83999999999994 5.63661956750963 0.245124832467731
4.84999999999994 6.05996172349967 0.258621462057241
4.85999999999994 6.51198161400248 0.277668205058509
4.86999999999994 6.99308045585988 0.303714372360176
4.87999999999994 7.50297845136643 0.338823414379688
4.88999999999994 8.04034672548142 0.385944155649291
4.89999999999994 8.60225856674496 0.449316928909876
4.90999999999994 9.18337110858903 0.535080580415251
4.91999999999994 9.77471123934763 0.652170855554548
4.92999999999994 10.3619007771934 0.81361832045484
4.93999999999994 10.922645027655 1.03832954383551
4.94999999999994 11.4234103307911 1.35327472929057
4.95999999999994 11.8156324627906 1.79549560687643
4.96999999999994 12.0329168499679 2.41211084063957
4.97999999999994 11.9929728588281 3.25418872395847
4.98999999999994 11.6110855086298 4.3578137357493
4.99999999999994 10.8320121530573 5.70771020985527
5.00999999999994 9.67541133171117 7.19505779172
5.01999999999994 8.263468307194 8.61042490800062
5.02999999999994 6.78933890129272 9.71224700545511
5.03999999999994 5.43452436135328 10.3380776986494
5.04999999999994 4.30347904673327 10.4634817110552
5.05999999999994 3.41866819841065 10.1725577337752
5.06999999999994 2.75301705758477 9.59223357219875
5.07999999999994 2.26237999875485 8.84329038734863
5.08999999999994 1.90388743299428 8.01968707097353
5.09999999999994 1.64265497649042 7.18618022654565
5.10999999999994 1.45252737913753 6.38342960413565
5.11999999999994 1.31465942665269 5.63456652293176
5.12999999999994 1.21571392935759 4.95087222142775
5.13999999999993 1.14630791532693 4.33602591168745
5.14999999999993 1.09983811311975 3.78906217342001
5.15999999999993 1.07164354483613 3.30634500918593
5.16999999999993 1.05842424804487 2.88284765522241
5.17999999999993 1.05784202646758 2.51296140016894
5.18999999999993 1.06824667226627 2.19099215975654
5.19999999999993 1.08848759662711 1.91145320458253
5.20999999999993 1.1177834486181 1.66922650692521
5.21999999999993 1.15563123559025 1.45964059746856
5.22999999999993 1.20174253713697 1.27849636468646
5.23999999999993 1.25599847083034 1.12206131866128
5.24999999999993 1.31841777137923 0.987045639667984
5.25999999999993 1.3891341425679 0.870568586812142
5.26999999999993 1.46838024132952 0.77012071811261
5.27999999999993 1.55647645888157 0.683525319615762
5.28999999999993 1.6538232079695 0.608901095091754
5.29999999999993 1.76089579464563 0.544627291253707
5.30999999999993 1.87824120419245 0.489311869121164
5.31999999999993 2.00647630062815 0.441762976248992
5.32999999999993 2.14628705159101 0.400963758305117
5.33999999999993 2.29842846048064 0.366050426487505
5.34999999999993 2.4637249246964 0.336293439822465
5.35999999999993 2.64307074734673 0.311081649604299
5.36999999999993 2.83743051092799 0.289909275994288
5.37999999999993 3.04783897272013 0.272365638931958
5.38999999999993 3.27540005667182 0.258127647012064
5.39999999999993 3.52128438407662 0.246955164035025
5.40999999999993 3.78672458727178 0.238689534893487
5.41999999999993 4.07300735883225 0.233255779920029
5.42999999999993 4.38146076015187 0.230669291373953
5.43999999999993 4.71343468171265 0.231048337091988
5.44999999999993 5.07027141084817 0.234634372178581
5.45999999999993 5.4532618639372 0.241823201337628
5.46999999999993 5.86358093470184 0.253211611455082
5.47999999999993 6.30219222065689 0.269666500672594
5.48999999999993 6.76970753379436 0.292427218719241
5.49999999999993 7.26617919712757 0.323257481853616
5.50999999999993 7.79079188239371 0.36467180159804
5.51999999999993 8.34140388747494 0.420274106227707
5.52999999999993 8.9138632334355 0.495264302067256
5.53999999999993 9.50099049549469 0.597191686423073
5.54999999999993 10.0910808238077 0.737056784212329
5.55999999999993 10.66574895411 0.930863904120763
5.56999999999993 11.1969771375506 1.20164376031288
5.57999999999993 11.6434664253532 1.58164861499485
5.58999999999993 11.9471347327247 2.11356950024652
5.59999999999993 12.0323160286159 2.84782151675201
5.60999999999992 11.8130830593546 3.83026128265452
5.61999999999992 11.2163039557012 5.07374922452187
5.62999999999992 10.2228221082304 6.51564824013982
5.63999999999992 8.90824671421981 7.98884075598916
5.64999999999992 7.44128062968953 9.25437878673814
5.65999999999992 6.01845986727505 10.1029969219277
5.66999999999992 4.78253002146189 10.447496997938
5.67999999999992 3.78996876257863 10.3303335647504
5.68999999999992 3.03162784837687 9.86619147795141
5.69999999999992 2.4682122379791 9.18210348199499
5.70999999999992 2.05514584657032 8.38478755416222
5.71999999999992 1.75377882238736 7.55156003210245
5.72999999999992 1.53422440743628 6.73303866596217
5.73999999999992 1.37461807428423 5.95945604453941
5.74999999999992 1.2593794841925 5.24684128778311
5.75999999999992 1.17752320041293 4.60189718643525
5.76999999999992 1.12131954885711 4.02549323141542
5.77999999999992 1.08531839491148 3.51503859986858
5.78999999999992 1.06566444568265 3.0660408626575
5.79999999999992 1.05962504910476 2.67310327947012
5.80999999999992 1.06526621874408 2.3305462081469
5.81999999999992 1.08123005039431 2.03278137175499
5.82999999999992 1.10658104086406 1.77452581363947
5.83999999999992 1.14069927259923 1.55091321875109
5.84999999999992 1.18320564740132 1.35754058673864
5.85999999999992 1.2339092154005 1.19047512940188
5.86999999999992 1.29276988669935 1.04623759162487
5.87999999999992 1.35987196835285 0.921772473522076
5.88999999999992 1.43540540579111 0.814411861548124
5.89999999999992 1.51965256988755 0.721837094666292
5.90999999999992 1.61297907915475 0.642040861657612
5.91999999999992 1.71582758585505 0.573291260013948
5.92999999999992 1.82871375353272 0.514098656325912
5.93999999999992 1.9522238562147 0.463185747628142
5.94999999999992 2.08701356530519 0.419460950043591
5.95999999999992 2.2338075776748 0.38199508050864
5.96999999999992 2.39339978921005 0.350001213329243
5.97999999999992 2.5666537386672 0.322817562542343
5.98999999999992 2.75450303962969 0.299893249224279
5.99999999999992 2.95795148274328 0.28077685234006
6.00999999999992 3.17807242157658 0.265107710239848
6.01999999999992 3.41600694439064 0.252610040370208
6.02999999999992 3.67296016584149 0.243090085729766
6.03999999999992 3.9501947237293 0.236436693852533
6.04999999999992 4.24902020024304 0.232626013634678
6.05999999999992 4.57077664936078 0.231731398309907
6.06999999999992 4.91680961707882 0.233940193797323
6.07999999999991 5.28843285774532 0.239579971166895
6.08999999999991 5.68687317492364 0.249158087195015
6.09999999999991 6.11318913439643 0.263420472453213
6.10999999999991 6.5681513246575 0.283438629675773
6.11999999999991 7.05206563545844 0.310738548731964
6.12999999999991 7.56451158439856 0.347492444089173
6.13999999999991 8.10395348551409 0.396805023471496
6.14999999999991 8.66716125522671 0.463141655847315
6.15999999999991 9.24834810141426 0.552966904523352
6.16999999999991 9.83789481714844 0.675685762441456
6.17999999999991 10.4204942453029 0.844993569669417
6.18999999999991 10.9725491599507 1.08070326176314
6.19999999999991 11.4587883402923 1.41092465157296
6.20999999999991 11.8285512630896 1.87388861767702
6.21999999999991 12.0134370014829 2.51735194896983
6.22999999999991 11.9304272832333 3.3911212803684
6.23999999999991 11.4975034399679 4.52599033789557
6.24999999999991 10.6677693794387 5.89580611756909
6.25999999999991 9.47418866527249 7.37787072439105
6.26999999999991 8.05064070749635 8.75496620891235
6.27999999999991 6.59175643847147 9.79265412416865
6.28999999999991 5.26950513247283 10.3472005216643
6.29999999999991 4.17583617557979 10.4115900649061
6.30999999999991 3.32479888088525 10.0780465405322
6.31999999999991 2.686113925912 9.47343459480761
6.32999999999991 2.21564445383666 8.7146352412515
6.33999999999991 1.87177249941727 7.89105837986063
6.34999999999991 1.62103742663733 7.0636530266678
6.35999999999991 1.43848035350827 6.27032085812328
6.36999999999991 1.30615028304138 5.53235520257179
6.37999999999991 1.21134348459621 4.85988443568477
6.38999999999991 1.14511521493492 4.25590575062117
6.39999999999991 1.1011631565991 3.71908036833313
6.40999999999991 1.07503351335949 3.24559459357924
6.41999999999991 1.06357019195636 2.83036423938432
6.42999999999991 1.0645362125678 2.46779442272452
6.43999999999991 1.07635376179483 2.15224482054727
6.44999999999991 1.09792505717687 1.87830270300107
6.45999999999991 1.12850815187632 1.6409321218596
6.46999999999991 1.16763022833131 1.4355444552376
6.47999999999991 1.21502665395554 1.25801999011335
6.48999999999991 1.27059790251744 1.10469992980256
6.49999999999991 1.33437899430388 0.972361413286908
6.50999999999991 1.40651780591831 0.858183648453291
6.51999999999991 1.48725973559544 0.759710306175727
6.52999999999991 1.5769369730398 0.674811378045112
6.53999999999991 1.67596113891807 0.601646425964459
6.5499999999999 1.7848184097929 0.538630321883409
6.5599999999999 1.90406648268929 0.484402042187643
6.5699999999999 2.03433289431758 0.437796745450674
6.5799999999999 2.17631431568608 0.397821159331949
6.5899999999999 2.33077650762614 0.363632189402564
6.5999999999999 2.49855465504517 0.334518611570432
6.6099999999999 2.6805538016023 0.309885702874502
6.6199999999999 2.87774908239948 0.289242692517541
6.6299999999999 3.09118539706866 0.27219297175494
6.6399999999999 3.32197607211999 0.25842708847593
6.6499999999999 3.57129991715164 0.247718676199497
6.6599999999999 3.84039586470162 0.239923640470905
6.6699999999999 4.13055406751156 0.234983169871199
6.6799999999999 4.44310186277842 0.2329314886016
6.6899999999999 4.77938232849036 0.233909777142914
6.6999999999999 5.14072214118483 0.238188441567045
6.7099999999999 5.52838392594979 0.246201042918102
6.7199999999999 5.94349600275243 0.258594911651209
6.7299999999999 6.38694896793251 0.276306087437899
6.7399999999999 6.85924327680695 0.300670229016332
6.7499999999999 7.36026396628197 0.33358725509325
6.7599999999999 7.88894650663111 0.377766715585982
6.7699999999999 8.44277968039667 0.437094485016065
6.7799999999999 9.01706539639821 0.517180292243867
6.7899999999999 9.60382074923513 0.626168878944371
6.7999999999999 10.1901693006645 0.775917405354217
6.8099999999999 10.7560485130918 0.98363097097686
6.8199999999999 11.2711248788952 1.2739321365428
6.8299999999999 11.6911217866814 1.68094465813019
6.8399999999999 11.9546595464357 2.24896628434131
6.8499999999999 11.9836413025403 3.02830824128893
6.8599999999999 11.6931514462438 4.0602676043938
6.8699999999999 11.0181629432844 5.34545862365554
6.8799999999999 9.95645181347363 6.80150378592236
6.8899999999999 8.60380190355623 8.2433150743936
6.8999999999999 7.13937871379774 9.43126872309128
6.9099999999999 5.75254909655851 10.1773944655567
6.9199999999999 4.56831736241363 10.4230233451115
6.9299999999999 3.62749045702117 10.2293451394911
6.9399999999999 2.91286447118561 9.71606703170497
6.9499999999999 2.38323584912603 9.00671226375517
6.9599999999999 1.99512646409016 8.20165365020428
6.9699999999999 1.71185099806941 7.37216008426141
6.9799999999999 1.50538601560035 6.56416403722681
6.9899999999999 1.35533822163641 5.80463085800036
6.9999999999999 1.24720022879575 5.10745886269975
7.00999999999989 1.17074101170367 4.47803467841033
7.01999999999989 1.11875363547372 3.91646168460579
7.02999999999989 1.0861494056989 3.41974054710687
7.03999999999989 1.06932432818899 2.98319604059584
7.04999999999989 1.06572233148217 2.60138688223221
7.05999999999989 1.07353529082808 2.26867031074905
7.06999999999989 1.09149657908077 1.97953999003637
7.07999999999989 1.11873823593461 1.72881704650747
7.08999999999989 1.15469148713633 1.51174722024939
7.09999999999989 1.19901697628081 1.32403902046074
7.10999999999989 1.2515555332693 1.16186573412686
7.11999999999989 1.3122932785895 1.02184616826729
7.12999999999989 1.38133684345718 0.9010137454562
7.13999999999989 1.45889580842032 0.796780103055225
7.14999999999989 1.54527035054803 0.706897061425179
7.15999999999989 1.64084268843346 0.629419325040424
7.16999999999989 1.74607132076786 0.562669299283073
7.17999999999989 1.86148733076675 0.505204770801089
7.18999999999989 1.98769221608063 0.455789795627585
7.19999999999989 2.12535682853478 0.413368890558326
7.20999999999989 2.27522108709429 0.377044479134205
7.21999999999989 2.43809417123783 0.346057470863862
7.22999999999989 2.61485491603972 0.319770829809489
7.23999999999989 2.80645211644561 0.297656003534589
7.24999999999989 3.01390440466957 0.279282129238355
7.25999999999989 3.23829928569464 0.264308009601864
7.26999999999989 3.48079079111938 0.252476960607918
7.27999999999989 3.74259502415639 0.243614787546017
7.28999999999989 4.0249825921232 0.237631361646575
7.29999999999989 4.32926651682902 0.234526577665332
7.30999999999989 4.65678361584841 0.234401918572827
7.31999999999989 5.00886646350373 0.237479509682507
7.32999999999989 5.38680172248262 0.244131523986547
7.33999999999989 5.79176865810306 0.25492427908531
7.34999999999989 6.22474865585823 0.270683616897531
7.35999999999989 6.68639201858311 0.292591599474765
7.36999999999989 7.17682140339178 0.322329816559813
7.37999999999989 7.69534076759379 0.362292583016754
7.38999999999989 8.2400029718497 0.415905170666251
7.39999999999989 8.80696627832766 0.488099113571087
7.40999999999989 9.3895385024001 0.586018542492127
7.41999999999989 9.97676971017698 0.720053858989506
7.42999999999989 10.5514241582319 0.90530360603972
7.43999999999989 11.0871859799248 1.16349877290214
7.44999999999989 11.5451526003687 1.52515438947903
7.45999999999989 11.870310219619 2.03097054108816
7.46999999999989 11.9902017940638 2.72989231230583
7.47999999999988 11.8206583427962 3.66870074848529
7.48999999999988 11.2859017130778 4.8665758554978
7.49999999999988 10.3567761068064 6.27464434548778
7.50999999999988 9.09279018312323 7.74316141221534
7.51999999999988 7.64898238853858 9.04248605786342
7.52999999999988 6.22016400657798 9.95528288415435
7.53999999999988 4.95883372463215 10.3744026243098
7.54999999999988 3.9338745262158 10.3242740179692
7.55999999999988 3.14458419841004 9.91074797915809
7.56999999999988 2.55529035595111 9.25987284678117
7.57999999999988 2.1219974828587 8.48125573041836
7.58999999999988 1.80532493393516 7.65607090388625
7.59999999999988 1.57432601749952 6.83840294011486
7.60999999999988 1.40615848166116 6.06115859904927
7.61999999999988 1.28446387404289 5.34227080713668
7.62999999999988 1.19767650382364 4.68973104159016
7.63999999999988 1.13764664297282 4.10524789874525
7.64999999999988 1.09862353466665 3.58675636651512
7.65999999999988 1.07653698104763 3.13007780883933
7.66999999999988 1.06849992473203 2.72998882312631
7.67999999999988 1.0724664488262 2.38089185059238
7.68999999999988 1.08699657216737 2.07722272726774
7.69999999999988 1.11109379620563 1.81368690884504
7.70999999999988 1.14409219302411 1.58538555259274
7.71999999999988 1.18557738263485 1.3878718719282
7.72999999999988 1.23533086843145 1.21716429581748
7.73999999999988 1.29329062419285 1.06973375756052
7.74999999999988 1.35952310738801 0.942476351866023
7.75999999999988 1.43420339546091 0.832678582477736
7.76999999999988 1.51760116150478 0.737979774270867
7.77999999999988 1.61007089287753 0.656334480992374
7.78999999999988 1.71204522191875 0.585976577772787
7.79999999999988 1.82403055456468 0.525385985076532
7.80999999999988 1.94660439770293 0.473258494923167
7.81999999999988 2.08041393042948 0.42847887292036
7.82999999999988 2.22617545786239 0.390097232543958
7.83999999999988 2.38467444125866 0.357308582713691
7.84999999999988 2.55676582197772 0.329435411103569
7.85999999999988 2.74337435232004 0.305913168321548
7.86999999999988 2.945494612817 0.286278553603851
7.87999999999988 3.1641903288311 0.270160568145399
7.88999999999988 3.40059249062082 0.257274399999038
7.89999999999988 3.65589561575966 0.247418342678419
7.90999999999988 3.93135124806536 0.2404741434169
7.91999999999988 4.22825742771026 0.236411451700046
7.92999999999988 4.54794233887496 0.235297434260748
7.93999999999988 4.89173956119251 0.237313201914418
7.94999999999987 5.26095119151705 0.242779554229766
7.95999999999987 5.65679336583214 0.252195842469913
7.96999999999987 6.08031609219795 0.266297716238658
7.97999999999987 6.5322853344054 0.286142519565314
7.98999999999987 7.01300924648913 0.31323568934155
7.99999999999987 7.52208128718279 0.349718486027509
8.00999999999987 8.05799914185165 0.398647832675641
8.01999999999987 8.61759806303708 0.464414147325482
8.02999999999987 9.19520870465398 0.553363367123802
8.03999999999987 9.78141333288013 0.674712312342564
8.04999999999987 10.361239368609 0.841859712295941
8.05999999999987 10.9116283218286 1.07415988245191
8.06999999999987 11.3981423685918 1.39904206619999
8.07999999999987 11.7713306714009 1.85380679938584
8.08999999999987 11.9643583303497 2.48514276411241
8.09999999999987 11.8958017976137 3.34211892007974
8.10999999999987 11.4843458754468 4.45619132513703
8.11999999999987 10.681403204452 5.80473668237073
8.12999999999987 9.51485711950489 7.27182504427463
8.13999999999987 8.1117124182693 8.64728456339657
8.14999999999987 6.66215080700685 9.69871717952731
8.15999999999987 5.33880209431634 10.2775924062459
8.16999999999987 4.23766094268536 10.3692379189194
8.17999999999987 3.3768910830005 10.0600529123764
8.18999999999987 2.72877074616049 9.4743336231236
8.19999999999987 2.25024622997827 8.72874501963624
8.20999999999987 1.89991513081504 7.91357453977075
8.21999999999987 1.64415535485289 7.09092535924815
8.22999999999987 1.45773810828472 6.29975511711113
8.23999999999987 1.32244982101659 5.56219771527477
8.24999999999987 1.22536909893257 4.88900467676317
8.25999999999987 1.15738280809251 4.28361603387607
8.26999999999987 1.11206248387553 3.74499868484633
8.27999999999987 1.08486112640861 3.2695448778965
8.28999999999987 1.07255403953079 2.85230572590053
8.29999999999987 1.07285365037529 2.48777245111019
8.30999999999987 1.08414463947529 2.1703570211715
8.31999999999987 1.10530122384549 1.8946760397785
8.32999999999987 1.13556038532687 1.65570752864263
8.33999999999987 1.17443331606932 1.44886674930139
8.34999999999987 1.22164314531503 1.27003143292002
8.35999999999987 1.27708089981321 1.11553629345307
8.36999999999987 1.34077424349812 0.982149755005757
8.37999999999987 1.41286527152947 0.867041236813276
8.38999999999987 1.49359479121688 0.767744312008824
8.39999999999987 1.58329130108061 0.682119061747703
8.40999999999987 1.68236340622882 0.608315636383173
8.41999999999986 1.79129476634021 0.544740180769083
8.42999999999986 1.91064091605195 0.490023729735037
8.43999999999986 2.04102746184274 0.442994331887167
8.44999999999986 2.18314926748175 0.402652448535642
8.45999999999986 2.33777030629005 0.368149555723789
8.46999999999986 2.50572389144031 0.338769822288833
8.47999999999986 2.68791299947875 0.313914727455922
8.48999999999986 2.88531037764126 0.293090507145536
8.49999999999986 3.09895806917111 0.275898374435976
8.50999999999986 3.32996589540063 0.262027547236659
8.51999999999986 3.57950828615677 0.251251241448593
8.52999999999986 3.84881863091964 0.243425963609647
8.53999999999986 4.13918000091754 0.238494685166463
8.54999999999986 4.4519106191761 0.236494836184504
8.55999999999986 4.7883417581615 0.237572574586751
8.56999999999986 5.14978471036473 0.242005553837177
8.57999999999986 5.53748193208362 0.250237561224858
8.58999999999986 5.9525351360799 0.262930138635464
8.59999999999986 6.3957995904532 0.281038949237856
8.60999999999986 6.86772853592935 0.305926705543963
8.61999999999986 7.36814351420142 0.339530646924591
8.62999999999986 7.89589414699295 0.38461184230152
8.63999999999986 8.44835274034539 0.445127179250997
8.64999999999986 9.02066317177798 0.526783627300487
8.65999999999986 9.60462944292077 0.6378569329495
8.66999999999986 10.1870926267145 0.790374775186843
8.67999999999986 10.7476292438523 1.00174894345212
8.68999999999986 11.2554785467442 1.29681498366407
8.69999999999986 11.665938791101 1.70982349619875
8.70999999999986 11.9173954299365 2.28489754513225
8.71999999999986 11.9320943811108 3.07147298204462
8.72999999999986 11.6266255779745 4.10874909978928
8.73999999999986 10.9390794055396 5.39383594357939
8.74999999999986 9.87140229144672 6.84058492515896
8.75999999999986 8.52234299372412 8.26277434391295
8.76999999999986 7.07026838050959 9.42466868216929
8.77999999999986 5.70022037447495 10.1454653934563
8.78999999999986 4.53246624917243 10.3722648888562
8.79999999999986 3.60510562115917 10.1681082358658
8.80999999999986 2.90034338408017 9.65156453155699
8.81999999999986 2.37749963022717 8.94394519888993
8.82999999999986 1.99391073456104 8.14354881788351
8.83999999999986 1.71361668041113 7.3201170422933
8.84999999999986 1.50913180197099 6.51859743750169
8.85999999999986 1.36042932532911 5.7653795693014
8.86999999999986 1.25324165170147 5.07405861836699
8.87999999999986 1.1774918396142 4.44988692768428
8.88999999999985 1.12607153110216 3.89293248618851
8.89999999999985 1.09395537865517 3.4002152037487
8.90999999999985 1.07758055017537 2.96710681939078
8.91999999999985 1.07441818428971 2.58822487027412
8.92999999999985 1.08267857671699 2.25798822402932
8.93999999999985 1.10110797135553 1.9709500577139
8.94999999999985 1.1288477741327 1.72198642231744
8.95999999999985 1.16533637263429 1.50639235327593
8.96999999999985 1.21024020268812 1.31991980091132
8.97999999999985 1.26340505791026 1.15877985967232
8.98999999999985 1.32482154788302 1.01962395643944
8.99999999999985 1.39460055133113 0.899513488590212
9.00999999999985 1.47295580839328 0.795883988466919
9.01999999999985 1.56019166810689 0.706507639108832
9.02999999999985 1.65669459650737 0.629456484877801
9.03999999999985 1.76292745090221 0.5630677114833
9.04999999999985 1.87942579812258 0.505911742137091
9.05999999999985 2.00679573885537 0.456763497055029
9.06999999999985 2.14571282249107 0.414576917281165
9.07999999999985 2.29692171387668 0.378462711186637
9.08999999999985 2.46123631503082 0.347669210408208
9.09999999999985 2.63954005657347 0.321566200585262
9.10999999999985 2.83278605678666 0.299631608544487
9.11999999999985 3.04199679866499 0.281440975463794
9.12999999999985 3.26826289088401 0.266659724348229
9.13999999999985 3.51274034617824 0.255038344578862
9.14999999999985 3.77664561221081 0.246410777318762
9.15999999999985 4.0612472977146 0.240696512429149
9.16999999999985 4.36785310765586 0.237907231415883
9.17999999999985 4.69778986979146 0.238159300836728
9.18999999999985 5.05237360047613 0.241694113111148
9.19999999999985 5.43286516462456 0.248909306024782
9.20999999999985 5.84040499353387 0.260405453785702
9.21999999999985 6.2759171649487 0.277055197959486
9.22999999999985 6.73996835581592 0.300105413752014
9.23999999999985 7.2325598968338 0.331328536735199
9.24999999999985 7.75282015088961 0.373247523430819
9.25999999999985 8.29854803773496 0.429471229915605
9.26999999999985 8.86553486396468 0.505194267447343
9.27999999999985 9.44655970706858 0.607937139442877
9.28999999999985 10.0299168359275 0.748622732367782
9.29999999999985 10.5973092346327 0.943082394712716
9.30999999999985 11.1209837928469 1.21399808592851
9.31999999999985 11.560226808069 1.59297121211199
9.32999999999985 11.8580671548373 2.12157799486288
9.33999999999985 11.9406795916746 2.848547885344
9.34999999999985 11.7246817782236 3.81770150817341
9.35999999999984 11.1394747561771 5.04053711886152
9.36999999999984 10.1666628185589 6.45574432140391
9.37999999999984 8.87889135466573 7.90185026147653
9.38999999999984 7.43853541185876 9.14813650947662
9.39999999999984 6.03612695246958 9.99087778906516
9.40999999999984 4.81217220104145 10.3423270842005
9.41999999999984 3.82447961321255 10.2402085548614
9.42999999999984 3.06651575583529 9.79409310380098
9.43999999999984 2.5012339509618 9.12753308882903
9.44999999999984 2.08548602976852 8.34552745271497
9.45999999999984 1.78137400435985 7.5248593726563
9.46999999999984 1.55934455486904 6.71623656748078
9.47999999999984 1.39764506346136 5.95024040890343
9.48999999999984 1.28070329907258 5.24331392265373
9.49999999999984 1.19750007041171 4.60255075323282
9.50999999999984 1.14025982755363 4.02915585291616
9.51999999999984 1.10348742165023 3.52081254258121
9.52999999999984 1.08328826237502 3.07324630220384
9.53999999999984 1.07689728482166 2.68123073865132
9.54999999999984 1.08235461704432 2.33921797362693
9.55999999999984 1.09828211721586 2.04172091862394
9.56999999999984 1.12372872828269 1.78353390861971
9.57999999999984 1.15806278533286 1.55984940213196
9.58999999999984 1.20089651063157 1.36630890289206
9.59999999999984 1.25203274356086 1.19901317651693
9.60999999999984 1.31142717520683 1.05450814882499
9.61999999999984 1.37916150783814 0.929757123165855
9.62999999999984 1.45542439686767 0.822106154394695
9.63999999999984 1.54049799775908 0.729246908768427
9.64999999999984 1.63474859161971 0.649179686821343
9.65999999999984 1.73862020510041 0.580178202899976
9.66999999999984 1.85263044086958 0.520757010685384
9.67999999999984 1.97736793890134 0.46964201302372
9.68999999999984 2.11349102513136 0.425744213364087
9.69999999999984 2.2617271913351 0.388136699813447
9.70999999999984 2.42287309990631 0.356034764875968
9.71999999999984 2.59779482595554 0.328779030856786
9.72999999999984 2.78742803914937 0.305821458284065
9.73999999999984 2.99277778765783 0.286714154948294
9.74999999999984 3.21491747130076 0.271100974298827
9.75999999999984 3.45498647062362 0.258711997348945
9.76999999999984 3.71418571699203 0.249361141289886
9.77999999999984 3.99377022056651 0.242947347787646
9.78999999999984 4.29503717931772 0.23946010242958
9.79999999999984 4.61930771351773 0.238990468254164
9.80999999999984 4.9678994150388 0.241749449875603
9.81999999999984 5.34208562869412 0.248096448077284
9.82999999999983 5.74303547681499 0.25858198528788
9.83999999999983 6.17172576365763 0.274011039189991
9.84999999999983 6.62881153984351 0.29553661162275
9.85999999999983 7.11443549312514 0.324798176608568
9.86999999999983 7.62794632376428 0.364127242284603
9.87999999999983 8.16748129945886 0.416853520680854
9.88999999999983 8.72934641710581 0.487761203943208
9.89999999999983 9.30709770594886 0.583765612923677
9.90999999999983 9.89019113558622 0.714901820819923
9.91999999999983 10.4620391766157 0.895722036452321
9.92999999999983 10.9973316862365 1.1471386890554
9.93999999999983 11.4586588554097 1.4985047250846
9.94999999999983 11.7930582658982 1.9890425497471
9.95999999999983 11.93050275751 2.66624546923068
9.96999999999983 11.7888347089668 3.57648545759597
9.97999999999983 11.2920980310214 4.74150194194407
9.98999999999983 10.4064821520417 6.11991934607246
9.99999999999983 9.18192214917322 7.57347745755339
10.0099999999998 7.76319539262871 8.88155553766215
